t,x,y,v,a
1663,-0.04,2.165,,
1664,0.25,2.191,8.535,
1665,0.53,2.204,8.601,4.184
1666,0.82,2.23,8.751,3.1319999999999997
1667,1.11,2.238,8.816,1.946
1668,1.4,2.26,8.783999999999999,2.187
1669,1.7,2.272,8.698,1.9580000000000002
1670,1.98,2.28,8.64,4.42
1671,2.27,2.304,8.931000000000001,3.483
1672,2.58,2.317,8.955,4.1339999999999995
1673,2.87,2.338,8.937999999999999,2.101
1674,3.17,2.345,9.033,0.779
1675,3.47,2.372,8.818999999999999,3.5260000000000002
1676,3.76,2.384,8.972000000000001,2.539
1677,4.07,2.385,8.985,3.6639999999999997
1678,4.36,2.409,9.031,2.23
1679,4.67,2.419,9.048,3.142
1680,4.96,2.434,9.085,1.643
1681,5.27,2.451,9.275,1.4880000000000002
1682,5.58,2.461,9.083,0.24600000000000002
1683,5.88,2.475,9.205,76.75
1684,6.19,2.49,4.727,36.92
1685,6.19,2.488,4.697,36.45
1686,6.5,2.512,9.197000000000001,78.27
1687,6.8,2.519,9.165,2.158
1688,7.12,2.524,9.398,5.899
1689,7.43,2.55,9.529,3.987
1690,7.75,2.555,9.22,4.559
1691,8.04,2.562,9.172,4.166
1692,8.36,2.573,9.443,5.023
1693,8.67,2.592,9.443999999999999,1.804
1694,8.99,2.597,9.543,2.81
1695,9.31,2.62,9.62,2.455
1696,9.63,2.626,9.603,3.202
1697,9.95,2.631,9.56,2.443
1698,10.27,2.642,9.567,0.87
1699,10.59,2.654,9.562000000000001,1.739
1700,10.91,2.662,9.593,1.8130000000000002
1701,11.23,2.669,9.68,4.359
1702,11.55,2.684,9.842,2.197
1703,11.88,2.696,9.855,2.213
1704,12.21,2.701,9.756,3.147
1705,12.53,2.712,9.731,1.3940000000000001
1706,12.86,2.73,9.823,4.272
1707,13.19,2.731,9.911,1.599
1708,13.52,2.735,9.845,2.858
1709,13.84,2.747,9.957,2.883
1710,14.18,2.755,10.06,2.197
1711,14.51,2.766,9.859,1.663
1712,14.84,2.77,9.998,1.757
1713,15.18,2.776,10.11,3.3810000000000002
1714,15.51,2.788,9.954,1.7180000000000002
1715,15.84,2.801,10.03,2.719
1716,16.18,2.805,10.07,0.966
1717,16.51,2.814,10.09,4.27
1718,16.85,2.825,10.29,2.437
1719,17.2,2.836,10.3,2.71
1720,17.54,2.84,10.16,0.532
1721,17.88,2.845,10.3,3.987
1722,18.22,2.858,10.39,0.326
1723,18.57,2.869,10.27,2.326
1724,18.91,2.874,10.32,2.9589999999999996
1725,19.26,2.88,10.46,5.284
1726,19.61,2.882,10.6,2.9410000000000003
1727,19.96,2.898,10.54,0.608
1728,20.31,2.909,10.53,3.228
1729,20.67,2.913,10.67,1.555
1730,21.02,2.92,10.57,2.4619999999999997
1731,21.37,2.934,10.68,2.47
1732,21.73,2.944,10.77,2.972
1733,22.09,2.948,10.67,2.165
1734,22.44,2.953,10.65,2.9810000000000003
1735,22.8,2.968,10.69,0.613
1736,23.15,2.979,10.66,0.8370000000000001
1737,23.51,2.984,10.63,2.178
1738,23.86,3.0,10.65,0.653
1739,24.22,3.014,10.67,3.3169999999999997
1740,24.57,3.019,10.65,0.319
1741,24.93,3.026,10.65,2.045
1742,25.28,3.041,10.73,0.927
1743,25.64,3.049,10.65,1.885
1744,25.99,3.056,10.58,1.3230000000000002
1745,26.35,3.066,10.75,4.015
1746,26.71,3.075,10.87,1.847
1747,27.07,3.087,10.84,0.556
1748,27.43,3.092,10.86,1.87
1749,27.8,3.106,10.83,1.615
1750,28.15,3.12,10.72,2.9930000000000003
1751,28.51,3.124,10.79,4.019
1752,28.87,3.131,10.99,2.719
1753,29.24,3.147,10.96,3.705
1754,29.6,3.156,10.71,4.2010000000000005
1755,29.96,3.16,10.71,5.815
1756,30.32,3.169,11.06,4.367
1757,30.69,3.186,11.08,2.935
1758,31.05,3.192,10.82,1.193
1759,31.41,3.197,11.12,3.7239999999999998
1760,31.8,3.211,11.11,1.883
1761,32.15,3.224,10.93,2.84
1762,32.52,3.237,11.07,6.227
1763,32.89,3.243,11.28,1.361
1764,33.28,3.257,11.22,1.555
1765,33.64,3.261,11.07,3.523
1766,34.01,3.268,11.14,1.857
1767,34.38,3.271,11.05,0.588
1768,34.75,3.27,11.11,6.767
1769,35.12,3.28,11.42,2.568
1770,35.51,3.292,11.34,2.762
1771,35.88,3.296,11.2,2.9189999999999996
1772,36.26,3.301,11.44,1.995
1773,36.64,3.302,11.34,2.0340000000000003
1774,37.01,3.304,11.25,4.547
1775,37.39,3.311,11.55,5.365
1776,37.78,3.324,11.64,3.028
1777,38.17,3.331,11.6,3.991
1778,38.56,3.332,11.7,0.649
1779,38.95,3.333,11.62,2.504
1780,39.33,3.338,11.6,1.4909999999999999
1781,39.72,3.346,11.73,4.287
1782,40.11,3.342,11.76,2.043
1783,40.5,3.339,11.75,2.439
1784,40.9,3.338,11.77,0.86
1785,41.29,3.343,11.8,1.207
1786,41.68,3.339,11.84,2.211
1787,42.08,3.339,11.93,2.8339999999999996
1788,42.48,3.342,11.98,1.255
1789,42.88,3.346,11.89,3.406
1790,43.27,3.342,11.82,1.181
1791,43.66,3.339,11.88,3.383
1792,44.06,3.337,12.03,3.855
1793,44.47,3.34,11.97,0.852
1794,44.86,3.35,12.01,2.525
1795,45.27,3.342,12.06,1.025
1796,45.67,3.344,11.96,3.827
1797,46.06,3.353,12.02,2.204
1798,46.47,3.357,12.11,0.524
1799,46.87,3.364,12.05,3.25
1800,47.27,3.37,11.89,4.111000000000001
1801,47.66,3.371,12.19,2.449
1802,48.08,3.37,12.19,3.025
1803,48.48,3.37,11.84,2.845
1804,48.87,3.376,12.06,4.113
1805,49.28,3.377,12.17,2.096
1806,49.68,3.382,12.05,2.9619999999999997
1807,50.08,3.378,12.06,4.702
1808,50.49,3.393,12.3,3.33
1809,50.9,3.399,12.34,3.097
1810,51.31,3.402,12.29,1.921
1811,51.72,3.407,12.31,1.7930000000000001
1812,52.13,3.406,12.32,2.4619999999999997
1813,52.54,3.407,12.2,0.953
1814,52.94,3.411,12.2,1.354
1815,53.36,3.411,12.32,1.91
1816,53.76,3.409,12.25,3.5439999999999996
1817,54.17,3.41,12.34,2.207
1818,54.59,3.422,12.4,2.986
1819,55.0,3.42,12.42,3.187
1820,55.42,3.418,12.36,5.005
1821,55.82,3.418,12.56,3.158
1822,56.25,3.429,12.69,1.4480000000000002
1823,56.67,3.427,12.42,2.6039999999999996
1824,57.08,3.439,12.5,2.2159999999999997
1825,57.5,3.44,12.63,3.1710000000000003
1826,57.92,3.441,12.39,3.51
1827,58.33,3.443,12.33,1.4809999999999999
1828,58.74,3.449,12.55,5.85
1829,59.17,3.448,12.67,2.18
1830,59.59,3.444,12.7,1.712
1831,60.01,3.449,12.75,2.011
1832,60.44,3.446,12.63,0.7140000000000001
1833,60.85,3.45,12.62,2.177
1834,61.28,3.451,12.59,2.066
1835,61.69,3.447,12.5,0.415
1836,62.11,3.445,12.64,3.1010000000000004
1837,62.54,3.443,12.69,1.405
1838,62.96,3.442,12.72,1.476
1839,63.38,3.443,12.78,0.457
1840,63.81,3.442,12.77,2.141
1841,64.24,3.442,12.87,4.891
1842,64.67,3.44,13.14,1.8519999999999999
1843,65.11,3.439,13.01,
1844,65.54,3.443,,
