t,x,y,v,a
1692,0.3,3.283,,
1693,0.62,3.287,9.84,
1694,0.96,3.283,10.03,6.732
1695,1.29,3.292,10.26,3.443
1696,1.64,3.29,10.08,4.547
1697,1.96,3.304,9.895,1.5030000000000001
1698,2.3,3.317,10.11,6.358
1699,2.64,3.321,10.22,0.63
1700,2.98,3.325,10.11,3.112
1701,3.31,3.34,10.17,3.867
1702,3.66,3.351,10.43,3.7510000000000003
1703,4.01,3.362,10.34,2.201
1704,4.35,3.366,10.27,1.919
1705,4.69,3.386,10.48,4.111000000000001
1706,5.05,3.391,10.57,2.543
1707,5.4,3.409,10.6,1.432
1708,5.75,3.425,10.59,1.724
1709,6.1,3.436,10.64,1.136
1710,6.46,3.458,10.71,0.956
1711,6.82,3.466,10.6,0.5579999999999999
1712,7.17,3.488,10.69,2.151
1713,7.53,3.501,10.7,1.004
1714,7.88,3.521,10.7,2.92
1715,8.24,3.54,10.82,5.078
1716,8.6,3.564,10.97,1.459
1717,8.97,3.572,10.96,3.417
1718,9.33,3.6,10.84,3.26
1719,9.69,3.626,11.15,4.357
1720,10.07,3.636,11.12,2.109
1721,10.43,3.658,11.08,6.337999999999999
1722,10.81,3.675,11.26,4.07
1723,11.18,3.711,11.23,2.8989999999999996
1724,11.56,3.717,11.15,4.796
1725,11.92,3.748,11.22,2.343
1726,12.31,3.755,11.41,3.725
1727,12.68,3.776,11.22,3.8480000000000003
1728,13.05,3.814,11.35,5.4479999999999995
1729,13.44,3.827,11.53,1.192
1730,13.82,3.844,11.38,2.965
1731,14.19,3.879,11.35,2.3040000000000003
1732,14.57,3.891,11.53,6.374
1733,14.96,3.916,11.64,2.66
1734,15.35,3.925,11.66,1.3980000000000001
1735,15.74,3.95,11.72,3.405
1736,16.13,3.964,11.72,0.24600000000000002
1737,16.52,3.991,11.7,1.107
1738,16.91,4.01,11.73,2.028
1739,17.3,4.032,11.83,4.508
1740,17.7,4.061,12.01,4.093
1741,18.1,4.071,12.08,2.7289999999999996
1742,18.5,4.094,11.95,2.8289999999999997
1743,18.9,4.106,11.96,2.63
1744,19.3,4.131,12.14,1.207
1745,19.7,4.144,12.04,3.0010000000000003
1746,20.1,4.166,12.17,1.4409999999999998
1747,20.51,4.179,12.22,1.145
1748,20.91,4.203,12.04,2.073
1749,21.32,4.215,12.17,2.7119999999999997
1750,21.72,4.238,12.16,1.159
1751,22.13,4.249,12.21,1.264
1752,22.54,4.269,12.14,2.356
1753,22.93,4.287,12.21,2.114
1754,23.35,4.306,12.2,2.528
1755,23.75,4.319,12.2,1.4969999999999999
1756,24.16,4.347,12.24,1.453
1757,24.56,4.357,12.17,3.6069999999999998
1758,24.97,4.376,12.18,4.223
1759,25.37,4.388,12.31,1.6269999999999998
1760,25.79,4.412,12.24,2.591
1761,26.19,4.429,12.12,1.6480000000000001
1762,26.6,4.453,12.24,0.32
1763,27.0,4.474,12.07,0.728
1764,27.4,4.492,12.17,1.916
1765,27.81,4.515,12.26,1.7269999999999999
1766,28.22,4.529,12.21,4.012
1767,28.63,4.553,12.08,1.9180000000000001
1768,29.02,4.576,12.12,1.406
1769,29.43,4.598,12.24,4.048
1770,29.84,4.618,12.26,0.752
1771,30.25,4.635,12.27,2.02
1772,30.65,4.656,12.32,1.256
1773,31.07,4.677,12.28,2.334
1774,31.47,4.695,12.26,0.08037000000000001
1775,31.89,4.709,12.38,1.081
1776,32.3,4.731,12.28,1.239
1777,32.71,4.743,12.43,5.157
1778,33.12,4.765,12.63,1.848
1779,33.55,4.772,12.54,3.137
1780,33.96,4.794,12.42,1.9469999999999998
1781,34.37,4.815,12.53,3.627
1782,34.8,4.83,12.62,3.114
1783,35.21,4.845,12.7,0.83
1784,35.64,4.867,12.73,2.602
1785,36.06,4.878,12.69,1.2830000000000001
1786,36.49,4.888,12.8,1.821
1787,36.92,4.908,12.83,1.127
1788,37.34,4.917,12.77,1.171
1789,37.77,4.928,12.87,1.44
1790,38.2,4.943,12.91,1.889
1791,38.63,4.95,12.93,2.5669999999999997
1792,39.06,4.961,13.09,4.138999999999999
1793,39.5,4.971,13.18,2.5869999999999997
1794,39.94,4.986,13.25,1.526
1795,40.38,4.994,13.27,1.357
1796,40.82,5.002,13.15,0.66
1797,41.26,5.017,13.22,4.422
1798,41.71,5.02,13.43,2.2030000000000003
1799,42.15,5.024,13.3,2.588
1800,42.59,5.031,13.34,3.7969999999999997
1801,43.04,5.042,13.63,5.269
1802,43.5,5.047,13.68,4.501
1803,43.96,5.055,13.38,2.957
1804,44.39,5.058,13.37,4.0089999999999995
1805,44.85,5.064,13.74,5.159
1806,45.31,5.067,13.72,1.818
1807,45.76,5.069,13.58,3.176
1808,46.21,5.08,13.77,0.97
1809,46.68,5.09,13.69,4.171
1810,47.13,5.088,13.45,1.9680000000000002
1811,47.58,5.094,13.65,3.923
1812,48.04,5.094,13.76,1.099
1813,48.49,5.095,13.68,4.011
1814,48.95,5.102,13.69,2.645
1815,49.41,5.114,13.82,1.475
1816,49.87,5.119,13.8,3.562
1817,50.32,5.125,13.89,1.325
1818,50.79,5.125,13.95,1.5419999999999998
1819,51.25,5.13,13.86,2.842
1820,51.72,5.129,13.81,1.171
1821,52.18,5.129,13.85,3.2510000000000003
1822,52.64,5.129,14.02,0.231
1823,53.11,5.136,13.87,0.898
1824,53.57,5.132,13.88,2.028
1825,54.04,5.137,13.93,2.042
1826,54.5,5.132,13.75,3.299
1827,54.95,5.14,13.96,4.404
1828,55.43,5.151,14.09,6.12
1829,55.89,5.154,13.98,5.859
1830,56.36,5.142,14.03,4.9639999999999995
1831,56.83,5.138,14.27,7.9639999999999995
1832,57.31,5.144,14.22,5.529
1833,57.77,5.158,13.99,3.0469999999999997
1834,58.24,5.169,14.07,7.7010000000000005
1835,58.71,5.171,14.26,4.051
1836,59.19,5.164,14.2,1.4380000000000002
1837,59.66,5.165,14.23,8.408999999999999
1838,60.14,5.166,14.31,5.428999999999999
1839,60.61,5.191,14.34,3.611
1840,61.1,5.198,14.35,12.41
1841,61.57,5.195,14.38,6.127000000000001
1842,62.05,5.177,14.55,3.085
1843,62.54,5.168,14.42,5.022
1844,63.02,5.172,14.49,3.142
1845,63.51,5.167,14.65,1.584
1846,63.99,5.172,14.51,1.446
1847,64.47,5.166,14.53,1.87
1848,64.96,5.164,14.47,
1849,65.44,5.162,,
