t,x,y,v,a
1739,1.79,6.044,,
1740,2.12,6.073,9.796,
1741,2.44,6.101,9.32,2.503
1742,2.74,6.12,9.647,9.04
1743,3.08,6.144,10.13,0.435
1744,3.41,6.175,9.578,6.0920000000000005
1745,3.72,6.191,9.546,3.386
1746,4.05,6.218,9.867,6.456
1747,4.37,6.231,9.865,3.217
1748,4.7,6.256,10.07,0.93
1749,5.04,6.285,9.967,1.7990000000000002
1750,5.37,6.297,10.05,2.358
1751,5.71,6.326,10.23,1.073
1752,6.05,6.351,9.957,2.929
1753,6.37,6.368,10.2,2.7089999999999996
1754,6.73,6.391,10.06,2.4459999999999997
1755,7.04,6.405,10.05,2.009
1756,7.4,6.431,10.23,8.657
1757,7.72,6.443,10.37,4.566
1758,8.09,6.466,10.25,4.018
1759,8.41,6.477,10.28,4.468
1760,8.77,6.502,10.32,4.949
1761,9.09,6.514,10.25,4.645
1762,9.45,6.538,10.32,8.47
1763,9.78,6.554,10.51,3.3080000000000003
1764,10.15,6.572,10.54,5.755
1765,10.48,6.584,10.53,3.05
1766,10.85,6.606,10.67,5.968
1767,11.19,6.618,10.62,4.084
1768,11.56,6.643,10.69,4.791
1769,11.9,6.65,10.72,2.963
1770,12.27,6.669,10.72,5.349
1771,12.62,6.684,10.76,1.909
1772,12.99,6.707,10.85,5.675
1773,13.34,6.718,10.92,2.281
1774,13.72,6.737,10.93,2.83
1775,14.07,6.754,10.55,1.266
1776,14.42,6.767,10.99,2.949
1777,14.8,6.785,10.89,7.8229999999999995
1778,15.15,6.792,11.19,1.127
1779,15.55,6.813,11.36,7.002000000000001
1780,15.9,6.824,11.23,3.9939999999999998
1781,16.29,6.851,11.39,4.216
1782,16.66,6.859,11.01,2.8939999999999997
1783,17.03,6.863,11.38,3.923
1784,17.42,6.881,11.33,2.802
1785,17.78,6.895,11.01,1.399
1786,18.15,6.905,11.47,6.09
1787,18.55,6.923,11.52,2.659
1788,18.92,6.93,11.19,1.9140000000000001
1789,19.29,6.94,11.59,3.2310000000000003
1790,19.69,6.96,11.61,3.487
1791,20.06,6.965,11.24,0.958
1792,20.44,6.971,11.7,4.949
1793,20.84,6.992,11.67,1.232
1794,21.22,7.001,11.53,1.895
1795,21.61,7.009,11.91,1.7819999999999998
1796,22.01,7.028,11.67,3.634
1797,22.39,7.036,11.52,1.9580000000000002
1798,22.78,7.045,11.89,2.717
1799,23.18,7.063,11.73,3.792
1800,23.56,7.073,11.53,1.588
1801,23.95,7.08,11.87,2.806
1802,24.35,7.102,11.8,3.641
1803,24.74,7.107,11.55,1.078
1804,25.12,7.115,11.76,3.676
1805,25.52,7.134,11.8,1.881
1806,25.91,7.143,11.73,0.857
1807,26.3,7.149,11.84,2.2030000000000003
1808,26.7,7.172,11.78,1.757
1809,27.09,7.181,11.73,4.0760000000000005
1810,27.48,7.188,12.02,2.295
1811,27.89,7.206,11.97,2.615
1812,28.28,7.213,11.75,1.345
1813,28.67,7.22,12.02,3.0989999999999998
1814,29.08,7.243,11.99,1.9969999999999999
1815,29.47,7.251,11.79,2.0780000000000003
1816,29.86,7.261,12.09,3.574
1817,30.28,7.277,12.13,0.934
1818,30.67,7.284,11.93,2.4459999999999997
1819,31.07,7.297,12.28,2.4419999999999997
1820,31.49,7.311,12.23,4.067
1821,31.89,7.318,11.95,5.0489999999999995
1822,32.29,7.322,12.0,6.129
1823,32.69,7.332,12.27,3.137
1824,33.1,7.345,12.3,2.865
1825,33.51,7.354,12.2,3.34
1826,33.92,7.355,12.28,6.09
1827,34.32,7.361,12.46,3.655
1828,34.75,7.38,12.5,2.582
1829,35.16,7.388,12.33,5.43
1830,35.57,7.39,12.41,1.848
1831,35.98,7.393,12.45,4.195
1832,36.4,7.399,12.57,3.43
1833,36.82,7.412,12.6,1.2930000000000001
1834,37.24,7.423,12.48,4.045
1835,37.65,7.426,12.59,2.8560000000000003
1836,38.08,7.428,12.71,2.895
1837,38.5,7.436,12.74,4.152
1838,38.93,7.433,12.98,3.53
1839,39.37,7.445,12.93,1.994
1840,39.79,7.458,12.78,4.588
1841,40.22,7.459,12.86,5.392
1842,40.65,7.46,13.03,1.845
1843,41.09,7.461,13.04,0.935
1844,41.52,7.465,13.01,1.18
1845,41.95,7.464,13.03,2.603
1846,42.39,7.469,13.11,2.752
1847,42.83,7.469,13.28,3.0980000000000003
1848,43.27,7.469,13.25,0.7829999999999999
1849,43.71,7.467,13.23,2.6289999999999996
1850,44.15,7.466,13.11,3.366
1851,44.59,7.468,13.37,2.6069999999999998
1852,45.04,7.465,13.44,0.8740000000000001
1853,45.48,7.472,13.25,3.9210000000000003
1854,45.93,7.467,13.28,4.507
1855,46.37,7.466,13.44,0.915
1856,46.82,7.463,13.41,0.506
1857,47.26,7.462,13.28,2.276
1858,47.71,7.461,13.36,1.625
1859,48.15,7.461,13.15,0.371
1860,48.59,7.461,13.27,0.581
1861,49.04,7.461,13.25,1.653
1862,49.47,7.459,13.21,0.93
1863,49.92,7.456,13.32,6.635
1864,50.36,7.457,13.53,1.09
1865,50.82,7.457,13.51,5.178999999999999
1866,51.26,7.45,13.51,3.193
1867,51.72,7.437,13.83,2.213
1868,52.18,7.432,13.54,6.489
1869,52.62,7.429,13.35,2.016
1870,53.07,7.425,13.48,1.034
1871,53.52,7.425,13.39,2.86
1872,53.96,7.424,13.24,0.585
1873,54.4,7.421,13.35,4.277
1874,54.85,7.422,13.54,6.757000000000001
1875,55.31,7.422,13.77,18.73
1876,55.77,7.413,14.7,3.471
1877,56.29,7.404,14.13,14.83
1878,56.71,7.391,13.17,13.78
1879,57.16,7.388,13.52,8.902000000000001
1880,57.61,7.382,13.68,16.61
1881,58.08,7.375,14.56,3.15
1882,58.58,7.363,14.2,15.05
1883,59.02,7.355,13.15,11.59
1884,59.46,7.351,13.57,8.79
1885,59.93,7.351,13.85,18.8
1886,60.38,7.348,14.6,5.62
1887,60.9,7.335,14.31,6.961
1888,61.34,7.318,13.61,14.48
1889,61.81,7.318,13.72,20.87
1890,62.25,7.31,14.65,6.654
1891,62.78,7.293,14.69,7.399
1892,63.23,7.282,13.6,17.42
1893,63.69,7.279,13.78,17.1
1894,64.15,7.273,14.6,
1895,64.66,7.258,,
