t,x,y,v,a
1765,0.31,2.548,,
1766,0.59,2.553,8.302999999999999,
1767,0.86,2.573,8.068999999999999,1.578
1768,1.13,2.588,8.14,3.049
1769,1.41,2.594,8.276,1.9040000000000001
1770,1.68,2.61,8.16,5.3260000000000005
1771,1.95,2.626,8.192,3.5060000000000002
1772,2.22,2.651,8.363999999999999,4.194
1773,2.51,2.656,8.413,2.0380000000000003
1774,2.78,2.671,8.256,4.984
1775,3.06,2.697,8.103,1.962
1776,3.32,2.704,8.21,4.168
1777,3.6,2.72,8.372,5.26
1778,3.88,2.731,8.464,3.008
1779,4.16,2.753,8.343,5.3629999999999995
1780,4.43,2.775,8.103,1.165
1781,4.7,2.797,8.294,5.039
1782,4.99,2.822,8.463,3.674
1783,5.27,2.834,8.463,0.7190000000000001
1784,5.55,2.857,8.524,2.447
1785,5.83,2.876,8.5,2.813
1786,6.11,2.899,8.507,0.802
1787,6.4,2.909,8.555,4.005
1788,6.68,2.937,8.551,1.719
1789,6.97,2.967,8.552,2.642
1790,7.25,2.983,8.543,2.043
1791,7.54,3.008,8.523,0.301
1792,7.82,3.025,8.544,1.183
1793,8.1,3.043,8.543,3.563
1794,8.39,3.063,8.654,4.1739999999999995
1795,8.68,3.092,8.831,3.27
1796,8.97,3.113,8.782,1.5519999999999998
1797,9.26,3.127,8.75,3.002
1798,9.56,3.153,8.705,3.3360000000000003
1799,9.84,3.177,8.584,1.827
1800,10.13,3.202,8.696,3.5789999999999997
1801,10.42,3.221,8.849,3.273
1802,10.71,3.245,8.894,2.241
1803,11.01,3.265,8.732000000000001,2.488
1804,11.29,3.288,8.703,2.06
1805,11.59,3.317,8.921,2.356
1806,11.89,3.332,8.841000000000001,3.6719999999999997
1807,12.18,3.357,8.637,2.6860000000000004
1808,12.46,3.383,8.916,4.0680000000000005
1809,12.77,3.406,9.036,1.402
1810,13.06,3.43,8.745,2.439
1811,13.35,3.458,8.878,2.5660000000000003
1812,13.65,3.473,8.997,0.20199999999999999
1813,13.95,3.503,8.821,1.156
1814,14.24,3.524,8.908999999999999,1.026
1815,14.54,3.546,8.96,2.786
1816,14.83,3.574,8.869,2.332
1817,15.13,3.603,8.949,5.422999999999999
1818,15.43,3.615,9.189,2.6439999999999997
1819,15.74,3.645,9.157,0.48
1820,16.04,3.673,9.097000000000001,1.944
1821,16.34,3.686,9.167,2.303
1822,16.65,3.717,9.136000000000001,3.1510000000000002
1823,16.95,3.743,9.08,3.1210000000000004
1824,17.25,3.767,9.115,3.5669999999999997
1825,17.56,3.788,9.362,5.156000000000001
1826,17.87,3.814,9.442,1.122
1827,18.18,3.829,9.334,3.431
1828,18.49,3.86,9.234,1.143
1829,18.8,3.885,9.388,4.925
1830,19.12,3.905,9.547,2.824
1831,19.43,3.929,9.545,0.9009999999999999
1832,19.75,3.956,9.498,0.995
1833,20.06,3.975,9.566,2.3080000000000003
1834,20.39,4.0,9.652000000000001,1.913
1835,20.71,4.031,9.616,1.5530000000000002
1836,21.03,4.053,9.627,0.927
1837,21.35,4.077,9.61,2.641
1838,21.66,4.104,9.621,1.775
1839,21.98,4.135,9.651,2.695
1840,22.3,4.164,9.766,4.758
1841,22.63,4.189,9.917,2.555
1842,22.96,4.211,9.906,2.4730000000000003
1843,23.29,4.237,9.802,3.1239999999999997
1844,23.61,4.267,9.816,1.8730000000000002
1845,23.94,4.297,9.911,1.64
1846,24.27,4.318,9.895,2.008
1847,24.6,4.349,9.802999999999999,1.673
1848,24.92,4.378,9.818999999999999,4.4430000000000005
1849,25.25,4.405,10.02,1.145
1850,25.59,4.426,9.946,3.378
1851,25.91,4.458,9.78,1.517
1852,26.24,4.488,10.05,4.614
1853,26.58,4.509,10.11,0.649
1854,26.91,4.535,9.943,3.167
1855,27.24,4.56,10.06,4.513
1856,27.58,4.593,10.25,1.315
1857,27.92,4.612,10.13,0.63
1858,28.25,4.64,10.11,4.078
1859,28.6,4.669,10.13,2.6319999999999997
1860,28.93,4.701,10.15,2.7030000000000003
1861,29.27,4.721,10.14,2.7230000000000003
1862,29.6,4.747,10.2,2.44
1863,29.95,4.774,10.24,1.999
1864,30.28,4.803,10.17,1.999
1865,30.62,4.823,10.39,3.116
1866,30.97,4.849,10.38,4.011
1867,31.31,4.876,10.27,1.012
1868,31.65,4.91,10.36,3.8539999999999996
1869,32.0,4.929,10.48,0.6779999999999999
1870,32.35,4.953,10.39,3.677
1871,32.69,4.985,10.36,2.377
1872,33.04,5.013,10.42,3.467
1873,33.39,5.03,10.52,3.582
1874,33.74,5.061,10.64,2.32
1875,34.09,5.091,10.66,3.855
1876,34.45,5.111,10.64,0.688
1877,34.8,5.131,10.63,1.63
1878,35.16,5.159,10.73,2.673
1879,35.52,5.173,10.82,2.53
1880,35.88,5.202,10.87,1.913
1881,36.24,5.227,10.95,1.17
1882,36.6,5.242,10.88,1.973
1883,36.96,5.272,10.81,0.528
1884,37.32,5.285,10.92,3.95
1885,37.69,5.31,11.07,0.752
1886,38.06,5.335,10.99,4.106
1887,38.42,5.35,11.08,1.776
1888,38.8,5.366,11.16,3.693
1889,39.16,5.385,11.17,2.528
1890,39.54,5.408,11.39,1.274
1891,39.92,5.42,11.27,1.999
1892,40.29,5.443,11.31,1.014
1893,40.68,5.453,11.44,0.537
1894,41.05,5.472,11.28,1.517
1895,41.43,5.489,11.43,3.873
1896,41.82,5.494,11.6,2.583
1897,42.2,5.515,11.55,3.4610000000000003
1898,42.58,5.524,11.47,2.207
1899,42.96,5.544,11.38,2.281
1900,43.34,5.557,11.53,4.926
1901,43.73,5.562,11.57,3.142
1902,44.11,5.569,11.59,1.956
1903,44.5,5.591,11.69,3.002
1904,44.89,5.595,11.68,2.605
1905,45.28,5.601,11.69,3.219
1906,45.67,5.612,11.69,0.318
1907,46.06,5.626,11.66,1.12
1908,46.45,5.631,11.74,1.598
1909,46.84,5.648,11.69,0.613
1910,47.23,5.662,11.64,4.45
1911,47.62,5.666,11.64,2.082
1912,48.0,5.672,11.69,2.356
1913,48.4,5.681,11.75,1.891
1914,48.79,5.693,11.74,2.4819999999999998
1915,49.18,5.696,11.74,2.302
1916,49.57,5.701,11.68,1.8030000000000002
1917,49.96,5.703,11.68,5.0089999999999995
1918,50.35,5.711,11.94,4.357
1919,50.76,5.708,12.09,0.86
1920,51.15,5.714,11.86,4.732
1921,51.55,5.721,11.83,0.42
1922,51.94,5.728,11.86,3.133
1923,52.34,5.735,11.98,1.268
1924,52.74,5.736,11.95,2.227
1925,53.13,5.741,11.93,2.158
1926,53.54,5.737,12.13,2.634
1927,53.94,5.739,12.11,2.5580000000000003
1928,54.34,5.743,11.95,2.6430000000000002
1929,54.74,5.741,11.93,3.069
1930,55.14,5.741,12.12,1.425
1931,55.55,5.736,12.06,3.233
1932,55.94,5.74,12.21,2.1590000000000003
1933,56.36,5.74,12.35,1.05
1934,56.77,5.738,12.11,4.004
1935,57.17,5.738,12.1,1.972
1936,57.57,5.737,12.24,1.514
1937,57.99,5.737,12.21,1.775
1938,58.39,5.74,12.27,1.7619999999999998
1939,58.8,5.735,12.24,1.443
1940,59.2,5.734,12.25,1.867
1941,59.62,5.735,12.27,2.235
1942,60.02,5.734,12.28,1.335
1943,60.44,5.735,12.45,2.846
1944,60.85,5.735,12.41,3.864
1945,61.27,5.73,12.54,1.1640000000000001
1946,61.69,5.72,12.54,5.81
1947,62.1,5.723,12.51,3.799
1948,62.52,5.733,12.43,5.053999999999999
1949,62.93,5.73,12.26,2.605
1950,63.34,5.724,12.52,3.452
1951,63.77,5.728,12.55,3.054
1952,64.18,5.729,12.57,2.028
1953,64.6,5.72,12.64,2.784
1954,65.02,5.721,12.47,
1955,65.43,5.727,,
