t,x,y,v,a,θ
156,0.03,4.413,,,89.6°
157,0.49,4.426,13.56,,83.7°
158,0.94,4.434,13.13,1.756,78.1°
159,1.36,4.444,13.34,9.601,72.9°
160,1.82,4.456,13.83,10.44,67.7°
161,2.29,4.483,13.88,0.8290000000000001,63.0°
162,2.75,4.508,13.82,2.8480000000000003,58.6°
163,3.21,4.517,13.81,0.735,54.6°
164,3.67,4.542,13.87,2.852,51.1°
165,4.13,4.557,13.87,2.001,47.8°
166,4.59,4.582,13.9,1.882,44.9°
167,5.06,4.594,13.84,0.8809999999999999,42.3°
168,5.51,4.622,13.81,1.551,40.0°
169,5.98,4.641,13.79,3.158,37.8°
170,6.43,4.658,13.93,0.9059999999999999,35.9°
171,6.9,4.681,13.86,1.436,34.1°
172,7.36,4.699,13.85,0.782,32.6°
173,7.83,4.722,14.05,3.62,31.1°
174,8.29,4.742,14.01,2.6189999999999998,29.8°
175,8.76,4.762,13.97,0.92,28.5°
176,9.22,4.778,13.96,0.9309999999999999,27.4°
177,9.69,4.797,13.99,1.065,26.3°
178,10.15,4.813,13.87,3.0460000000000003,25.4°
179,10.61,4.832,13.98,1.103,24.5°
180,11.08,4.86,13.98,2.081,23.7°
181,11.55,4.875,14.02,2.745,22.9°
182,12.02,4.903,13.98,0.889,22.2°
183,12.48,4.916,13.93,2.287,21.5°
184,12.95,4.941,14.17,1.41,20.9°
185,13.42,4.969,14.04,1.73,20.3°
186,13.88,4.98,14.04,0.799,19.7°
187,14.35,5.007,14.14,2.171,19.2°
188,14.82,5.03,13.9,2.7939999999999996,18.7°
189,15.28,5.048,13.9,2.166,18.3°
190,15.75,5.079,14.05,5.9479999999999995,17.9°
191,16.22,5.089,14.24,2.846,17.4°
192,16.7,5.118,14.27,3.6289999999999996,17.0°
193,17.17,5.146,13.94,2.697,16.7°
194,17.63,5.156,14.21,4.232,16.3°
195,18.11,5.184,14.4,2.496,16.0°
196,18.58,5.208,14.03,2.474,15.7°
197,19.05,5.229,14.19,4.7010000000000005,15.4°
198,19.53,5.257,14.45,3.344,15.1°
199,20.01,5.281,13.99,1.8980000000000001,14.8°
200,20.46,5.3,14.13,7.497000000000001,14.5°
201,20.95,5.328,14.68,2.45,14.3°
202,21.44,5.359,14.25,7.067,14.0°
203,21.9,5.374,14.12,0.971,13.8°
204,22.38,5.396,14.41,2.0269999999999997,13.6°
205,22.86,5.428,14.12,5.157,13.4°
206,23.32,5.445,13.96,3.0860000000000003,13.1°
207,23.79,5.469,14.36,2.9810000000000003,12.9°
208,24.27,5.502,14.25,1.936,12.8°
209,24.74,5.512,14.16,0.547,12.6°
210,25.22,5.54,14.41,1.9069999999999998,12.4°
211,25.69,5.566,14.14,2.008,12.2°
212,26.16,5.584,14.19,0.903,12.0°
213,26.64,5.611,14.34,3.0389999999999997,11.9°
214,27.11,5.632,13.95,5.012,11.7°
215,27.57,5.654,13.92,5.5489999999999995,11.6°
216,28.04,5.681,14.31,2.09,11.5°
217,28.52,5.713,14.11,3.28,11.3°
218,28.98,5.728,14.05,1.844,11.2°
219,29.46,5.752,14.35,2.8280000000000003,11.0°
220,29.93,5.785,14.1,4.5360000000000005,10.9°
221,30.4,5.806,14.0,1.6230000000000002,10.8°
222,30.87,5.826,14.17,4.751,10.7°
223,31.34,5.854,14.21,2.685,10.6°
224,31.81,5.885,14.08,2.174,10.5°
225,32.28,5.911,14.09,1.9040000000000001,10.4°
226,32.75,5.933,14.26,3.265,10.3°
227,33.23,5.966,14.25,3.0010000000000003,10.2°
228,33.7,5.996,14.35,1.473,10.1°
229,34.18,6.029,14.4,4.256,10.0°
230,34.66,6.063,14.07,5.746,9.9°
231,35.12,6.086,14.01,2.201,9.8°
232,35.59,6.11,14.29,9.184,9.7°
233,36.07,6.143,14.54,2.627,9.7°
234,36.56,6.179,14.49,2.161,9.6°
235,37.03,6.209,14.42,0.6579999999999999,9.5°
236,37.51,6.237,14.52,4.475,9.4°
237,38.0,6.274,14.47,3.093,9.4°
238,38.48,6.316,14.44,2.5580000000000003,9.3°
239,38.96,6.352,14.59,2.722,9.3°
240,39.45,6.387,14.64,1.358,9.2°
241,39.93,6.423,14.6,1.35,9.1°
242,40.42,6.457,14.75,1.3330000000000002,9.1°
243,40.91,6.495,14.68,2.596,9.0°
244,41.39,6.533,14.54,1.679,9.0°
245,41.88,6.568,14.58,4.428999999999999,8.9°
246,42.36,6.605,14.82,5.593999999999999,8.9°
247,42.86,6.641,15.0,1.4809999999999999,8.8°
248,43.36,6.677,14.74,1.636,8.8°
249,43.84,6.711,14.78,0.8079999999999999,8.7°
250,44.34,6.747,14.84,0.965,8.7°
251,44.83,6.783,14.69,1.3630000000000002,8.6°
252,45.32,6.815,14.8,1.278,8.6°
253,45.81,6.85,14.77,1.229,8.5°
254,46.3,6.887,14.72,0.809,8.5°
255,46.79,6.914,14.82,3.2769999999999997,8.4°
256,47.29,6.952,14.9,3.7030000000000003,8.4°
257,47.78,6.975,14.63,4.585,8.3°
258,48.26,7.002,14.51,2.237,8.3°
259,48.75,7.032,14.73,3.4789999999999996,8.2°
260,49.24,7.062,14.75,2.71,8.2°
261,49.73,7.093,14.56,3.9339999999999997,8.1°
262,50.21,7.118,14.55,1.296,8.1°
263,50.7,7.138,14.67,2.615,8.0°
264,51.19,7.168,14.65,0.57,8.0°
265,51.67,7.196,14.67,4.699,7.9°
266,52.16,7.22,14.86,2.052,7.9°
267,52.66,7.239,14.85,1.829,7.8°
268,53.15,7.266,14.86,0.562,7.8°
269,53.65,7.29,14.96,3.298,7.7°
270,54.15,7.31,14.78,5.584,7.7°
271,54.64,7.327,14.61,2.291,7.6°
272,55.12,7.343,14.67,2.392,7.6°
273,55.62,7.356,14.8,2.81,7.5°
274,56.11,7.378,14.82,4.489,7.5°
275,56.6,7.385,14.95,0.366,7.4°
276,57.11,7.391,14.86,3.468,7.4°
277,57.59,7.414,14.65,2.0140000000000002,7.3°
278,58.08,7.415,14.89,2.7430000000000003,7.3°
279,58.59,7.425,14.94,3.091,7.2°
280,59.08,7.444,14.72,4.35,7.2°
281,59.57,7.451,14.75,7.837000000000001,7.1°
282,60.06,7.455,14.28,4.793,7.1°
283,60.52,7.479,14.75,11.72,7.0°
284,61.04,7.484,15.41,11.53,7.0°
285,61.55,7.483,15.15,6.16,6.9°
286,62.05,7.486,15.38,6.151,6.9°
287,62.57,7.512,15.56,3.487,6.8°
288,63.09,7.511,15.28,10.68,6.8°
289,63.59,7.516,14.82,4.18,6.7°
290,64.08,7.526,14.95,4.58,6.7°
291,64.59,7.524,15.22,163.7,6.6°
292,65.09,7.528,6.184,,6.6°
293,64.96,7.69,,,6.8°
