t,x,y
156,39.38,0.798
157,39.38,0.798
158,39.38,0.798
159,39.38,0.798
160,39.38,0.798
161,39.38,0.798
162,39.38,0.798
163,39.38,0.798
164,39.38,0.798
165,39.38,0.798
166,39.38,0.798
167,39.38,0.798
168,39.38,0.798
169,39.38,0.798
170,39.38,0.798
171,39.38,0.798
172,39.38,0.798
173,39.38,0.798
174,39.38,0.798
175,39.38,0.798
176,39.38,0.798
177,39.38,0.798
178,39.38,0.798
179,39.38,0.798
180,39.38,0.798
181,39.38,0.798
182,39.38,0.798
183,39.38,0.798
184,39.38,0.798
185,39.38,0.798
186,39.38,0.798
187,39.38,0.798
188,39.38,0.798
189,39.38,0.798
190,39.38,0.798
191,39.38,0.798
192,39.38,0.798
193,39.38,0.798
194,39.38,0.798
195,39.38,0.798
196,39.38,0.798
197,39.38,0.798
198,39.38,0.798
199,39.38,0.798
200,39.38,0.798
201,39.38,0.798
202,39.38,0.798
203,39.38,0.798
204,39.38,0.798
205,39.38,0.798
206,39.38,0.798
207,39.38,0.798
208,39.38,0.798
209,39.38,0.798
210,39.38,0.798
211,39.38,0.798
212,39.38,0.798
213,39.38,0.798
214,39.38,0.798
215,39.38,0.798
216,39.38,0.798
217,39.38,0.798
218,39.38,0.798
219,39.38,0.798
220,39.38,0.798
221,39.38,0.798
222,39.38,0.798
223,39.38,0.798
224,39.38,0.798
225,39.38,0.798
226,39.38,0.798
227,39.38,0.798
228,39.38,0.798
229,39.38,0.798
230,39.38,0.798
231,39.38,0.798
232,39.38,0.798
233,39.38,0.798
234,39.38,0.798
235,39.38,0.798
236,39.38,0.798
237,39.38,0.798
238,39.38,0.798
239,39.38,0.798
240,39.38,0.798
241,39.38,0.798
242,39.38,0.798
243,39.38,0.798
244,39.38,0.798
245,39.38,0.798
246,39.38,0.798
247,39.38,0.798
248,39.38,0.798
249,39.38,0.798
250,39.38,0.798
251,39.38,0.798
252,39.38,0.798
253,39.38,0.798
254,39.38,0.798
255,39.38,0.798
256,39.38,0.798
257,39.38,0.798
258,39.38,0.798
259,39.38,0.798
260,39.38,0.798
261,39.38,0.798
262,39.38,0.798
263,39.38,0.798
264,39.38,0.798
265,39.38,0.798
266,39.38,0.798
267,39.38,0.798
268,39.38,0.798
269,39.38,0.798
270,39.38,0.798
271,39.38,0.798
272,39.38,0.798
273,39.38,0.798
274,39.38,0.798
275,39.38,0.798
276,39.38,0.798
277,39.38,0.798
278,39.38,0.798
279,39.38,0.798
280,39.38,0.798
281,39.38,0.798
282,39.38,0.798
283,39.38,0.798
284,39.38,0.798
285,39.38,0.798
286,39.38,0.798
287,39.38,0.798
288,39.38,0.798
289,39.38,0.798
290,39.38,0.798
291,39.38,0.798
292,39.38,0.798
293,39.38,0.798
294,39.38,0.798
295,39.38,0.798
296,39.38,0.798
297,39.38,0.798
298,39.38,0.798
299,39.38,0.798
300,39.38,0.798
301,39.38,0.798
302,39.38,0.798
303,39.38,0.798
304,39.38,0.798
305,39.38,0.798
306,39.38,0.798
307,39.38,0.798
308,39.38,0.798
309,39.38,0.798
310,39.38,0.798
311,39.38,0.798
312,39.38,0.798
313,39.38,0.798
314,39.38,0.798
315,39.38,0.798
316,39.38,0.798
317,39.38,0.798
318,39.38,0.798
319,39.38,0.798
320,39.38,0.798
321,39.38,0.798
322,39.38,0.798
323,39.38,0.798
324,39.38,0.798
325,39.38,0.798
326,39.38,0.798
327,39.38,0.798
328,39.38,0.798
329,39.38,0.798
330,39.38,0.798
331,39.38,0.798
332,39.38,0.798
333,39.38,0.798
334,39.38,0.798
335,39.38,0.798
336,39.38,0.798
337,39.38,0.798
338,39.38,0.798
339,39.38,0.798
340,39.38,0.798
341,39.38,0.798
342,39.38,0.798
343,39.38,0.798
344,39.38,0.798
345,39.38,0.798
346,39.38,0.798
347,39.38,0.798
348,39.38,0.798
349,39.38,0.798
350,39.38,0.798
351,39.38,0.798
352,39.38,0.798
353,39.38,0.798
354,39.38,0.798
355,39.38,0.798
356,39.38,0.798
357,39.38,0.798
358,39.38,0.798
359,39.38,0.798
360,39.38,0.798
361,39.38,0.798
362,39.38,0.798
363,39.38,0.798
364,39.38,0.798
365,39.38,0.798
366,39.38,0.798
367,39.38,0.798
368,39.38,0.798
369,39.38,0.798
370,39.38,0.798
371,39.38,0.798
372,39.38,0.798
373,39.38,0.798
374,39.38,0.798
375,39.38,0.798
376,39.38,0.798
377,39.38,0.798
378,39.38,0.798
379,39.38,0.798
380,39.38,0.798
381,39.38,0.798
382,39.38,0.798
383,39.38,0.798
384,39.38,0.798
385,39.38,0.798
386,39.38,0.798
387,39.38,0.798
388,39.38,0.798
389,39.38,0.798
390,39.38,0.798
391,39.38,0.798
392,39.38,0.798
393,39.38,0.798
394,39.38,0.798
395,39.38,0.798
396,39.38,0.798
397,39.38,0.798
398,39.38,0.798
399,39.38,0.798
400,39.38,0.798
401,39.38,0.798
402,39.38,0.798
403,39.38,0.798
404,39.38,0.798
405,39.38,0.798
406,39.38,0.798
407,39.38,0.798
408,39.38,0.798
409,39.38,0.798
410,39.38,0.798
411,39.38,0.798
412,39.38,0.798
413,39.38,0.798
414,39.38,0.798
415,39.38,0.798
416,39.38,0.798
417,39.38,0.798
418,39.38,0.798
419,39.38,0.798
420,39.38,0.798
421,39.38,0.798
422,39.38,0.798
423,39.38,0.798
424,39.38,0.798
425,39.38,0.798
426,39.38,0.798
427,39.38,0.798
428,39.38,0.798
429,39.38,0.798
430,39.38,0.798
431,39.38,0.798
432,39.38,0.798
433,39.38,0.798
434,39.38,0.798
435,39.38,0.798
436,39.38,0.798
437,39.38,0.798
438,39.38,0.798
439,39.38,0.798
440,39.38,0.798
441,39.38,0.798
442,39.38,0.798
443,39.38,0.798
444,39.38,0.798
445,39.38,0.798
446,39.38,0.798
447,39.38,0.798
448,39.38,0.798
449,39.38,0.798
450,39.38,0.798
451,39.38,0.798
452,39.38,0.798
453,39.38,0.798
454,39.38,0.798
455,39.38,0.798
456,39.38,0.798
457,39.38,0.798
458,39.38,0.798
459,39.38,0.798
460,39.38,0.798
461,39.38,0.798
462,39.38,0.798
463,39.38,0.798
464,39.38,0.798
465,39.38,0.798
466,39.38,0.798
467,39.38,0.798
468,39.38,0.798
469,39.38,0.798
470,39.38,0.798
471,39.38,0.798
472,39.38,0.798
473,39.38,0.798
474,39.38,0.798
475,39.38,0.798
476,39.38,0.798
477,39.38,0.798
478,39.38,0.798
479,39.38,0.798
480,39.38,0.798
481,39.38,0.798
482,39.38,0.798
483,39.38,0.798
484,39.38,0.798
485,39.38,0.798
486,39.38,0.798
487,39.38,0.798
488,39.38,0.798
489,39.38,0.798
490,39.38,0.798
491,39.38,0.798
492,39.38,0.798
493,39.38,0.798
494,39.38,0.798
495,39.38,0.798
496,39.38,0.798
497,39.38,0.798
498,39.38,0.798
499,39.38,0.798
500,39.38,0.798
501,39.38,0.798
502,39.38,0.798
503,39.38,0.798
504,39.38,0.798
505,39.38,0.798
506,39.38,0.798
507,39.38,0.798
508,39.38,0.798
509,39.38,0.798
510,39.38,0.798
511,39.38,0.798
512,39.38,0.798
513,39.38,0.798
514,39.38,0.798
515,39.38,0.798
516,39.38,0.798
517,39.38,0.798
518,39.38,0.798
519,39.38,0.798
520,39.38,0.798
521,39.38,0.798
522,39.38,0.798
523,39.38,0.798
524,39.38,0.798
525,39.38,0.798
526,39.38,0.798
527,39.38,0.798
528,39.38,0.798
529,39.38,0.798
530,39.38,0.798
531,39.38,0.798
532,39.38,0.798
533,39.38,0.798
534,39.38,0.798
535,39.38,0.798
536,39.38,0.798
537,39.38,0.798
538,39.38,0.798
539,39.38,0.798
540,39.38,0.798
541,39.38,0.798
542,39.38,0.798
543,39.38,0.798
544,39.38,0.798
545,39.38,0.798
546,39.38,0.798
547,39.38,0.798
548,39.38,0.798
549,39.38,0.798
550,39.38,0.798
551,39.38,0.798
552,39.38,0.798
553,39.38,0.798
554,39.38,0.798
555,39.38,0.798
556,39.38,0.798
557,39.38,0.798
558,39.38,0.798
559,39.38,0.798
560,39.38,0.798
561,39.38,0.798
562,39.38,0.798
563,39.38,0.798
564,39.38,0.798
565,39.38,0.798
566,39.38,0.798
567,39.38,0.798
568,39.38,0.798
569,39.38,0.798
570,39.38,0.798
571,39.38,0.798
572,39.38,0.798
573,39.38,0.798
574,39.38,0.798
575,39.38,0.798
576,39.38,0.798
577,39.38,0.798
578,39.38,0.798
579,39.38,0.798
580,39.38,0.798
581,39.38,0.798
582,39.38,0.798
583,39.38,0.798
584,39.38,0.798
585,39.38,0.798
586,39.38,0.798
587,39.38,0.798
588,39.38,0.798
589,39.38,0.798
590,39.38,0.798
591,39.38,0.798
592,39.38,0.798
593,39.38,0.798
594,39.38,0.798
595,39.38,0.798
596,39.38,0.798
597,39.38,0.798
598,39.38,0.798
599,39.38,0.798
600,39.38,0.798
601,39.38,0.798
602,39.38,0.798
603,39.38,0.798
604,39.38,0.798
605,39.38,0.798
606,39.38,0.798
607,39.38,0.798
608,39.38,0.798
609,39.38,0.798
610,39.38,0.798
611,39.38,0.798
612,39.38,0.798
613,39.38,0.798
614,39.38,0.798
615,39.38,0.798
616,39.38,0.798
617,39.38,0.798
618,39.38,0.798
619,39.38,0.798
620,39.38,0.798
621,39.38,0.798
622,39.38,0.798
623,39.38,0.798
624,39.38,0.798
625,39.38,0.798
626,39.38,0.798
627,39.38,0.798
628,39.38,0.798
629,39.38,0.798
630,39.38,0.798
631,39.38,0.798
632,39.38,0.798
633,39.38,0.798
634,39.38,0.798
635,39.38,0.798
636,39.38,0.798
637,39.38,0.798
638,39.38,0.798
639,39.38,0.798
640,39.38,0.798
641,39.38,0.798
642,39.38,0.798
643,39.38,0.798
644,39.38,0.798
645,39.38,0.798
646,39.38,0.798
647,39.38,0.798
648,39.38,0.798
649,39.38,0.798
650,39.38,0.798
651,39.38,0.798
652,39.38,0.798
653,39.38,0.798
654,39.38,0.798
655,39.38,0.798
656,39.38,0.798
657,39.38,0.798
658,39.38,0.798
659,39.38,0.798
660,39.38,0.798
661,39.38,0.798
662,39.38,0.798
663,39.38,0.798
664,39.38,0.798
665,39.38,0.798
666,39.38,0.798
667,39.38,0.798
668,39.38,0.798
669,39.38,0.798
670,39.38,0.798
671,39.38,0.798
672,39.38,0.798
673,39.38,0.798
674,39.38,0.798
675,39.38,0.798
676,39.38,0.798
677,39.38,0.798
678,39.38,0.798
679,39.38,0.798
680,39.38,0.798
681,39.38,0.798
682,39.38,0.798
683,39.38,0.798
684,39.38,0.798
685,39.38,0.798
686,39.38,0.798
687,39.38,0.798
688,39.38,0.798
689,39.38,0.798
690,39.38,0.798
691,39.38,0.798
692,39.38,0.798
693,39.38,0.798
694,39.38,0.798
695,39.38,0.798
696,39.38,0.798
697,39.38,0.798
698,39.38,0.798
699,39.38,0.798
700,39.38,0.798
701,39.38,0.798
702,39.38,0.798
703,39.38,0.798
704,39.38,0.798
705,39.38,0.798
706,39.38,0.798
707,39.38,0.798
708,39.38,0.798
709,39.38,0.798
710,39.38,0.798
711,39.38,0.798
712,39.38,0.798
713,39.38,0.798
714,39.38,0.798
715,39.38,0.798
716,39.38,0.798
717,39.38,0.798
718,39.38,0.798
719,39.38,0.798
720,39.38,0.798
721,39.38,0.798
722,39.38,0.798
723,39.38,0.798
724,39.38,0.798
725,39.38,0.798
726,39.38,0.798
727,39.38,0.798
728,39.38,0.798
729,39.38,0.798
730,39.38,0.798
731,39.38,0.798
732,39.38,0.798
733,39.38,0.798
734,39.38,0.798
735,39.38,0.798
736,39.38,0.798
737,39.38,0.798
738,39.38,0.798
739,39.38,0.798
740,39.38,0.798
741,39.38,0.798
742,39.38,0.798
743,39.38,0.798
744,39.38,0.798
745,39.38,0.798
746,39.38,0.798
747,39.38,0.798
748,39.38,0.798
749,39.38,0.798
750,39.38,0.798
751,39.38,0.798
752,39.38,0.798
753,39.38,0.798
754,39.38,0.798
755,39.38,0.798
756,39.38,0.798
757,39.38,0.798
758,39.38,0.798
759,39.38,0.798
760,39.38,0.798
761,39.38,0.798
762,39.38,0.798
763,39.38,0.798
764,39.38,0.798
765,39.38,0.798
766,39.38,0.798
767,39.38,0.798
768,39.38,0.798
769,39.38,0.798
770,39.38,0.798
771,39.38,0.798
772,39.38,0.798
773,39.38,0.798
774,39.38,0.798
775,39.38,0.798
776,39.38,0.798
777,39.38,0.798
778,39.38,0.798
779,39.38,0.798
780,39.38,0.798
781,39.38,0.798
782,39.38,0.798
783,39.38,0.798
784,39.38,0.798
785,39.38,0.798
786,39.38,0.798
787,39.38,0.798
788,39.38,0.798
789,39.38,0.798
790,39.38,0.798
791,39.38,0.798
792,39.38,0.798
793,39.38,0.798
794,39.38,0.798
795,39.38,0.798
796,39.38,0.798
797,39.38,0.798
798,39.38,0.798
799,39.38,0.798
800,39.38,0.798
801,39.38,0.798
802,39.38,0.798
803,39.38,0.798
804,39.38,0.798
805,39.38,0.798
806,39.38,0.798
807,39.38,0.798
808,39.38,0.798
809,39.38,0.798
810,39.38,0.798
811,39.38,0.798
812,39.38,0.798
813,39.38,0.798
814,39.38,0.798
815,39.38,0.798
816,39.38,0.798
817,39.38,0.798
818,39.38,0.798
819,39.38,0.798
820,39.38,0.798
821,39.38,0.798
822,39.38,0.798
823,39.38,0.798
824,39.38,0.798
825,39.38,0.798
826,39.38,0.798
827,39.38,0.798
828,39.38,0.798
829,39.38,0.798
830,39.38,0.798
831,39.38,0.798
832,39.38,0.798
833,39.38,0.798
834,39.38,0.798
835,39.38,0.798
836,39.38,0.798
837,39.38,0.798
838,39.38,0.798
839,39.38,0.798
840,39.38,0.798
841,39.38,0.798
842,39.38,0.798
843,39.38,0.798
844,39.38,0.798
845,39.38,0.798
846,39.38,0.798
847,39.38,0.798
848,39.38,0.798
849,39.38,0.798
850,39.38,0.798
851,39.38,0.798
852,39.38,0.798
853,39.38,0.798
854,39.38,0.798
855,39.38,0.798
856,39.38,0.798
857,39.38,0.798
858,39.38,0.798
859,39.38,0.798
860,39.38,0.798
861,39.38,0.798
862,39.38,0.798
863,39.38,0.798
864,39.38,0.798
865,39.38,0.798
866,39.38,0.798
867,39.38,0.798
868,39.38,0.798
869,39.38,0.798
870,39.38,0.798
871,39.38,0.798
872,39.38,0.798
873,39.38,0.798
874,39.38,0.798
875,39.38,0.798
876,39.38,0.798
877,39.38,0.798
878,39.38,0.798
879,39.38,0.798
880,39.38,0.798
881,39.38,0.798
882,39.38,0.798
883,39.38,0.798
884,39.38,0.798
885,39.38,0.798
886,39.38,0.798
887,39.38,0.798
888,39.38,0.798
889,39.38,0.798
890,39.38,0.798
891,39.38,0.798
892,39.38,0.798
893,39.38,0.798
894,39.38,0.798
895,39.38,0.798
896,39.38,0.798
897,39.38,0.798
898,39.38,0.798
899,39.38,0.798
900,39.38,0.798
901,39.38,0.798
902,39.38,0.798
903,39.38,0.798
904,39.38,0.798
905,39.38,0.798
906,39.38,0.798
907,39.38,0.798
908,39.38,0.798
909,39.38,0.798
910,39.38,0.798
911,39.38,0.798
912,39.38,0.798
913,39.38,0.798
914,39.38,0.798
915,39.38,0.798
916,39.38,0.798
917,39.38,0.798
918,39.38,0.798
919,39.38,0.798
920,39.38,0.798
921,39.38,0.798
922,39.38,0.798
923,39.38,0.798
924,39.38,0.798
925,39.38,0.798
926,39.38,0.798
927,39.38,0.798
928,39.38,0.798
929,39.38,0.798
930,39.38,0.798
931,39.38,0.798
932,39.38,0.798
933,39.38,0.798
934,39.38,0.798
935,39.38,0.798
936,39.38,0.798
937,39.38,0.798
938,39.38,0.798
939,39.38,0.798
940,39.38,0.798
941,39.38,0.798
942,39.38,0.798
943,39.38,0.798
944,39.38,0.798
945,39.38,0.798
946,39.38,0.798
947,39.38,0.798
948,39.38,0.798
949,39.38,0.798
950,39.38,0.798
951,39.38,0.798
952,39.38,0.798
953,39.38,0.798
954,39.38,0.798
955,39.38,0.798
956,39.38,0.798
957,39.38,0.798
958,39.38,0.798
959,39.38,0.798
960,39.38,0.798
961,39.38,0.798
962,39.38,0.798
963,39.38,0.798
964,39.38,0.798
965,39.38,0.798
966,39.38,0.798
967,39.38,0.798
968,39.38,0.798
969,39.38,0.798
970,39.38,0.798
971,39.38,0.798
972,39.38,0.798
973,39.38,0.798
974,39.38,0.798
975,39.38,0.798
976,39.38,0.798
977,39.38,0.798
978,39.38,0.798
979,39.38,0.798
980,39.38,0.798
981,39.38,0.798
982,39.38,0.798
983,39.38,0.798
984,39.38,0.798
985,39.38,0.798
986,39.38,0.798
987,39.38,0.798
988,39.38,0.798
989,39.38,0.798
990,39.38,0.798
991,39.38,0.798
992,39.38,0.798
993,39.38,0.798
994,39.38,0.798
995,39.38,0.798
996,39.38,0.798
997,39.38,0.798
998,39.38,0.798
999,39.38,0.798
1000,39.38,0.798
1001,39.38,0.798
1002,39.38,0.798
1003,39.38,0.798
1004,39.38,0.798
1005,39.38,0.798
1006,39.38,0.798
1007,39.38,0.798
1008,39.38,0.798
1009,39.38,0.798
1010,39.38,0.798
1011,39.38,0.798
1012,39.38,0.798
1013,39.38,0.798
1014,39.38,0.798
1015,39.38,0.798
1016,39.38,0.798
1017,39.38,0.798
1018,39.38,0.798
1019,39.38,0.798
1020,39.38,0.798
1021,39.38,0.798
1022,39.38,0.798
1023,39.38,0.798
1024,39.38,0.798
1025,39.38,0.798
1026,39.38,0.798
1027,39.38,0.798
1028,39.38,0.798
1029,39.38,0.798
1030,39.38,0.798
1031,39.38,0.798
1032,39.38,0.798
1033,39.38,0.798
1034,39.38,0.798
1035,39.38,0.798
1036,39.38,0.798
1037,39.38,0.798
1038,39.38,0.798
1039,39.38,0.798
1040,39.38,0.798
1041,39.38,0.798
1042,39.38,0.798
1043,39.38,0.798
1044,39.38,0.798
1045,39.38,0.798
1046,39.38,0.798
1047,39.38,0.798
1048,39.38,0.798
1049,39.38,0.798
1050,39.38,0.798
1051,39.38,0.798
1052,39.38,0.798
1053,39.38,0.798
1054,39.38,0.798
1055,39.38,0.798
1056,39.38,0.798
1057,39.38,0.798
1058,39.38,0.798
1059,39.38,0.798
1060,39.38,0.798
1061,39.38,0.798
1062,39.38,0.798
1063,39.38,0.798
1064,39.38,0.798
1065,39.38,0.798
1066,39.38,0.798
1067,39.38,0.798
1068,39.38,0.798
1069,39.38,0.798
1070,39.38,0.798
1071,39.38,0.798
1072,39.38,0.798
1073,39.38,0.798
1074,39.38,0.798
1075,39.38,0.798
1076,39.38,0.798
1077,39.38,0.798
1078,39.38,0.798
1079,39.38,0.798
1080,39.38,0.798
1081,39.38,0.798
1082,39.38,0.798
1083,39.38,0.798
1084,39.38,0.798
1085,39.38,0.798
1086,39.38,0.798
1087,39.38,0.798
1088,39.38,0.798
1089,39.38,0.798
1090,39.38,0.798
1091,39.38,0.798
1092,39.38,0.798
1093,39.38,0.798
1094,39.38,0.798
1095,39.38,0.798
1096,39.38,0.798
1097,39.38,0.798
1098,39.38,0.798
1099,39.38,0.798
1100,39.38,0.798
1101,39.38,0.798
1102,39.38,0.798
1103,39.38,0.798
1104,39.38,0.798
1105,39.38,0.798
1106,39.38,0.798
1107,39.38,0.798
1108,39.38,0.798
1109,39.38,0.798
1110,39.38,0.798
1111,39.38,0.798
1112,39.38,0.798
1113,39.38,0.798
1114,39.38,0.798
1115,39.38,0.798
1116,39.38,0.798
1117,39.38,0.798
1118,39.38,0.798
1119,39.38,0.798
1120,39.38,0.798
1121,39.38,0.798
1122,39.38,0.798
1123,39.38,0.798
1124,39.38,0.798
1125,39.38,0.798
1126,39.38,0.798
1127,39.38,0.798
1128,39.38,0.798
1129,39.38,0.798
1130,39.38,0.798
1131,39.38,0.798
1132,39.38,0.798
1133,39.38,0.798
1134,39.38,0.798
1135,39.38,0.798
1136,39.38,0.798
1137,39.38,0.798
1138,39.38,0.798
1139,39.38,0.798
1140,39.38,0.798
1141,39.38,0.798
1142,39.38,0.798
1143,39.38,0.798
1144,39.38,0.798
1145,39.38,0.798
1146,39.38,0.798
1147,39.38,0.798
1148,39.38,0.798
1149,39.38,0.798
1150,39.38,0.798
1151,39.38,0.798
1152,39.38,0.798
1153,39.38,0.798
1154,39.38,0.798
1155,39.38,0.798
1156,39.38,0.798
1157,39.38,0.798
1158,39.38,0.798
1159,39.38,0.798
1160,39.38,0.798
1161,39.38,0.798
1162,39.38,0.798
1163,39.38,0.798
1164,39.38,0.798
1165,39.38,0.798
1166,39.38,0.798
1167,39.38,0.798
1168,39.38,0.798
1169,39.38,0.798
1170,39.38,0.798
1171,39.38,0.798
1172,39.38,0.798
1173,39.38,0.798
1174,39.38,0.798
1175,39.38,0.798
1176,39.38,0.798
1177,39.38,0.798
1178,39.38,0.798
1179,39.38,0.798
1180,39.38,0.798
1181,39.38,0.798
1182,39.38,0.798
1183,39.38,0.798
1184,39.38,0.798
1185,39.38,0.798
1186,39.38,0.798
1187,39.38,0.798
1188,39.38,0.798
1189,39.38,0.798
1190,39.38,0.798
1191,39.38,0.798
1192,39.38,0.798
1193,39.38,0.798
1194,39.38,0.798
1195,39.38,0.798
1196,39.38,0.798
1197,39.38,0.798
1198,39.38,0.798
1199,39.38,0.798
1200,39.38,0.798
1201,39.38,0.798
1202,39.38,0.798
1203,39.38,0.798
1204,39.38,0.798
1205,39.38,0.798
1206,39.38,0.798
1207,39.38,0.798
1208,39.38,0.798
1209,39.38,0.798
1210,39.38,0.798
1211,39.38,0.798
1212,39.38,0.798
1213,39.38,0.798
1214,39.38,0.798
1215,39.38,0.798
1216,39.38,0.798
1217,39.38,0.798
1218,39.38,0.798
1219,39.38,0.798
1220,39.38,0.798
1221,39.38,0.798
1222,39.38,0.798
1223,39.38,0.798
1224,39.38,0.798
1225,39.38,0.798
1226,39.38,0.798
1227,39.38,0.798
1228,39.38,0.798
1229,39.38,0.798
1230,39.38,0.798
1231,39.38,0.798
1232,39.38,0.798
1233,39.38,0.798
1234,39.38,0.798
1235,39.38,0.798
1236,39.38,0.798
1237,39.38,0.798
1238,39.38,0.798
1239,39.38,0.798
1240,39.38,0.798
1241,39.38,0.798
1242,39.38,0.798
1243,39.38,0.798
1244,39.38,0.798
1245,39.38,0.798
1246,39.38,0.798
1247,39.38,0.798
1248,39.38,0.798
1249,39.38,0.798
1250,39.38,0.798
1251,39.38,0.798
1252,39.38,0.798
1253,39.38,0.798
1254,39.38,0.798
1255,39.38,0.798
1256,39.38,0.798
1257,39.38,0.798
1258,39.38,0.798
1259,39.38,0.798
1260,39.38,0.798
1261,39.38,0.798
1262,39.38,0.798
1263,39.38,0.798
1264,39.38,0.798
1265,39.38,0.798
1266,39.38,0.798
1267,39.38,0.798
1268,39.38,0.798
1269,39.38,0.798
1270,39.38,0.798
1271,39.38,0.798
1272,39.38,0.798
1273,39.38,0.798
1274,39.38,0.798
1275,39.38,0.798
1276,39.38,0.798
1277,39.38,0.798
1278,39.38,0.798
1279,39.38,0.798
1280,39.38,0.798
1281,39.38,0.798
1282,39.38,0.798
1283,39.38,0.798
1284,39.38,0.798
1285,39.38,0.798
1286,39.38,0.798
1287,39.38,0.798
1288,39.38,0.798
1289,39.38,0.798
1290,39.38,0.798
1291,39.38,0.798
1292,39.38,0.798
1293,39.38,0.798
1294,39.38,0.798
1295,39.38,0.798
1296,39.38,0.798
1297,39.38,0.798
1298,39.38,0.798
1299,39.38,0.798
1300,39.38,0.798
1301,39.38,0.798
1302,39.38,0.798
1303,39.38,0.798
1304,39.38,0.798
1305,39.38,0.798
1306,39.38,0.798
1307,39.38,0.798
1308,39.38,0.798
1309,39.38,0.798
1310,39.38,0.798
1311,39.38,0.798
1312,39.38,0.798
1313,39.38,0.798
1314,39.38,0.798
1315,39.38,0.798
1316,39.38,0.798
1317,39.38,0.798
1318,39.38,0.798
1319,39.38,0.798
1320,39.38,0.798
1321,39.38,0.798
1322,39.38,0.798
1323,39.38,0.798
1324,39.38,0.798
1325,39.38,0.798
1326,39.38,0.798
1327,39.38,0.798
1328,39.38,0.798
1329,39.38,0.798
1330,39.38,0.798
1331,39.38,0.798
1332,39.38,0.798
1333,39.38,0.798
1334,39.38,0.798
1335,39.38,0.798
1336,39.38,0.798
1337,39.38,0.798
1338,39.38,0.798
1339,39.38,0.798
1340,39.38,0.798
1341,39.38,0.798
1342,39.38,0.798
1343,39.38,0.798
1344,39.38,0.798
1345,39.38,0.798
1346,39.38,0.798
1347,39.38,0.798
1348,39.38,0.798
1349,39.38,0.798
1350,39.38,0.798
1351,39.38,0.798
1352,39.38,0.798
1353,39.38,0.798
1354,39.38,0.798
1355,39.38,0.798
1356,39.38,0.798
1357,39.38,0.798
1358,39.38,0.798
1359,39.38,0.798
1360,39.38,0.798
1361,39.38,0.798
1362,39.38,0.798
1363,39.38,0.798
1364,39.38,0.798
1365,39.38,0.798
1366,39.38,0.798
1367,39.38,0.798
1368,39.38,0.798
1369,39.38,0.798
1370,39.38,0.798
1371,39.38,0.798
1372,39.38,0.798
1373,39.38,0.798
1374,39.38,0.798
1375,39.38,0.798
1376,39.38,0.798
1377,39.38,0.798
1378,39.38,0.798
1379,39.38,0.798
1380,39.38,0.798
1381,39.38,0.798
1382,39.38,0.798
1383,39.38,0.798
1384,39.38,0.798
1385,39.38,0.798
1386,39.38,0.798
1387,39.38,0.798
1388,39.38,0.798
1389,39.38,0.798
1390,39.38,0.798
1391,39.38,0.798
1392,39.38,0.798
1393,39.38,0.798
1394,39.38,0.798
1395,39.38,0.798
1396,39.38,0.798
1397,39.38,0.798
1398,39.38,0.798
1399,39.38,0.798
1400,39.38,0.798
1401,39.38,0.798
1402,39.38,0.798
1403,39.38,0.798
1404,39.38,0.798
1405,39.38,0.798
1406,39.38,0.798
1407,39.38,0.798
1408,39.38,0.798
1409,39.38,0.798
1410,39.38,0.798
1411,39.38,0.798
1412,39.38,0.798
1413,39.38,0.798
1414,39.38,0.798
1415,39.38,0.798
1416,39.38,0.798
1417,39.38,0.798
1418,39.38,0.798
1419,39.38,0.798
1420,39.38,0.798
1421,39.38,0.798
1422,39.38,0.798
1423,39.38,0.798
1424,39.38,0.798
1425,39.38,0.798
1426,39.38,0.798
1427,39.38,0.798
1428,39.38,0.798
1429,39.38,0.798
1430,39.38,0.798
1431,39.38,0.798
1432,39.38,0.798
1433,39.38,0.798
1434,39.38,0.798
1435,39.38,0.798
1436,39.38,0.798
1437,39.38,0.798
1438,39.38,0.798
1439,39.38,0.798
1440,39.38,0.798
1441,39.38,0.798
1442,39.38,0.798
1443,39.38,0.798
1444,39.38,0.798
1445,39.38,0.798
1446,39.38,0.798
1447,39.38,0.798
1448,39.38,0.798
1449,39.38,0.798
1450,39.38,0.798
1451,39.38,0.798
1452,39.38,0.798
1453,39.38,0.798
1454,39.38,0.798
1455,39.38,0.798
1456,39.38,0.798
1457,39.38,0.798
1458,39.38,0.798
1459,39.38,0.798
1460,39.38,0.798
1461,39.38,0.798
1462,39.38,0.798
1463,39.38,0.798
1464,39.38,0.798
1465,39.38,0.798
1466,39.38,0.798
1467,39.38,0.798
1468,39.38,0.798
1469,39.38,0.798
1470,39.38,0.798
1471,39.38,0.798
1472,39.38,0.798
1473,39.38,0.798
1474,39.38,0.798
1475,39.38,0.798
1476,39.38,0.798
1477,39.38,0.798
1478,39.38,0.798
1479,39.38,0.798
1480,39.38,0.798
1481,39.38,0.798
1482,39.38,0.798
1483,39.38,0.798
1484,39.38,0.798
1485,39.38,0.798
1486,39.38,0.798
1487,39.38,0.798
1488,39.38,0.798
1489,39.38,0.798
1490,39.38,0.798
1491,39.38,0.798
1492,39.38,0.798
1493,39.38,0.798
1494,39.38,0.798
1495,39.38,0.798
1496,39.38,0.798
1497,39.38,0.798
1498,39.38,0.798
1499,39.38,0.798
1500,39.38,0.798
1501,39.38,0.798
1502,39.38,0.798
1503,39.38,0.798
1504,39.38,0.798
1505,39.38,0.798
1506,39.38,0.798
1507,39.38,0.798
1508,39.38,0.798
1509,39.38,0.798
1510,39.38,0.798
1511,39.38,0.798
1512,39.38,0.798
1513,39.38,0.798
1514,39.38,0.798
1515,39.38,0.798
1516,39.38,0.798
1517,39.38,0.798
1518,39.38,0.798
1519,39.38,0.798
1520,39.38,0.798
1521,39.38,0.798
1522,39.38,0.798
1523,39.38,0.798
1524,39.38,0.798
1525,39.38,0.798
1526,39.38,0.798
1527,39.38,0.798
1528,39.38,0.798
1529,39.38,0.798
1530,39.38,0.798
1531,39.38,0.798
1532,39.38,0.798
1533,39.38,0.798
1534,39.38,0.798
1535,39.38,0.798
1536,39.38,0.798
1537,39.38,0.798
1538,39.38,0.798
1539,39.38,0.798
1540,39.38,0.798
1541,39.38,0.798
1542,39.38,0.798
1543,39.38,0.798
1544,39.38,0.798
1545,39.38,0.798
1546,39.38,0.798
1547,39.38,0.798
1548,39.38,0.798
1549,39.38,0.798
1550,39.38,0.798
1551,39.38,0.798
1552,39.38,0.798
1553,39.38,0.798
1554,39.38,0.798
1555,39.38,0.798
1556,39.38,0.798
1557,39.38,0.798
1558,39.38,0.798
1559,39.38,0.798
1560,39.38,0.798
1561,39.38,0.798
1562,39.38,0.798
1563,39.38,0.798
1564,39.38,0.798
1565,39.38,0.798
1566,39.38,0.798
1567,39.38,0.798
1568,39.38,0.798
1569,39.38,0.798
1570,39.38,0.798
1571,39.38,0.798
1572,39.38,0.798
1573,39.38,0.798
1574,39.38,0.798
1575,39.38,0.798
1576,39.38,0.798
1577,39.38,0.798
1578,39.38,0.798
1579,39.38,0.798
1580,39.38,0.798
1581,39.38,0.798
1582,39.38,0.798
1583,39.38,0.798
1584,39.38,0.798
1585,39.38,0.798
1586,39.38,0.798
1587,39.38,0.798
1588,39.38,0.798
1589,39.38,0.798
1590,39.38,0.798
1591,39.38,0.798
1592,39.38,0.798
1593,39.38,0.798
1594,39.38,0.798
1595,39.38,0.798
1596,39.38,0.798
1597,39.38,0.798
1598,39.38,0.798
1599,39.38,0.798
1600,39.38,0.798
1601,39.38,0.798
1602,39.38,0.798
1603,39.38,0.798
1604,39.38,0.798
1605,39.38,0.798
1606,39.38,0.798
1607,39.38,0.798
1608,39.38,0.798
1609,39.38,0.798
1610,39.38,0.798
1611,39.38,0.798
1612,39.38,0.798
1613,39.38,0.798
1614,39.38,0.798
1615,39.38,0.798
1616,39.38,0.798
1617,39.38,0.798
1618,39.38,0.798
1619,39.38,0.798
1620,39.38,0.798
1621,39.38,0.798
1622,39.38,0.798
1623,39.38,0.798
1624,39.38,0.798
1625,39.38,0.798
1626,39.38,0.798
1627,39.38,0.798
1628,39.38,0.798
1629,39.38,0.798
1630,39.38,0.798
1631,39.38,0.798
1632,39.38,0.798
1633,39.38,0.798
1634,39.38,0.798
1635,39.38,0.798
1636,39.38,0.798
1637,39.38,0.798
1638,39.38,0.798
1639,39.38,0.798
1640,39.38,0.798
1641,39.38,0.798
1642,39.38,0.798
1643,39.38,0.798
1644,39.38,0.798
1645,39.38,0.798
1646,39.38,0.798
1647,39.38,0.798
1648,39.38,0.798
1649,39.38,0.798
1650,39.38,0.798
1651,39.38,0.798
1652,39.38,0.798
1653,39.38,0.798
1654,39.38,0.798
1655,39.38,0.798
1656,39.38,0.798
1657,39.38,0.798
1658,39.38,0.798
1659,39.38,0.798
1660,39.38,0.798
1661,39.38,0.798
1662,39.38,0.798
1663,39.38,0.798
1664,39.38,0.798
1665,39.38,0.798
1666,39.38,0.798
1667,39.38,0.798
1668,39.38,0.798
1669,39.38,0.798
1670,39.38,0.798
1671,39.38,0.798
1672,39.38,0.798
1673,39.38,0.798
1674,39.38,0.798
1675,39.38,0.798
1676,39.38,0.798
1677,39.38,0.798
1678,39.38,0.798
1679,39.38,0.798
1680,39.38,0.798
1681,39.38,0.798
1682,39.38,0.798
1683,39.38,0.798
1684,39.38,0.798
1685,39.38,0.798
1686,39.38,0.798
1687,39.38,0.798
1688,39.38,0.798
1689,39.38,0.798
1690,39.38,0.798
1691,39.38,0.798
1692,39.38,0.798
1693,39.38,0.798
1694,39.38,0.798
1695,39.38,0.798
1696,39.38,0.798
1697,39.38,0.798
1698,39.38,0.798
1699,39.38,0.798
1700,39.38,0.798
1701,39.38,0.798
1702,39.38,0.798
1703,39.38,0.798
1704,39.38,0.798
1705,39.38,0.798
1706,39.38,0.798
1707,39.38,0.798
1708,39.38,0.798
1709,39.38,0.798
1710,39.38,0.798
1711,39.38,0.798
1712,39.38,0.798
1713,39.38,0.798
1714,39.38,0.798
1715,39.38,0.798
1716,39.38,0.798
1717,39.38,0.798
1718,39.38,0.798
1719,39.38,0.798
1720,39.38,0.798
1721,39.38,0.798
1722,39.38,0.798
1723,39.38,0.798
1724,39.38,0.798
1725,39.38,0.798
1726,39.38,0.798
1727,39.38,0.798
1728,39.38,0.798
1729,39.38,0.798
1730,39.38,0.798
1731,39.38,0.798
1732,39.38,0.798
1733,39.38,0.798
1734,39.38,0.798
1735,39.38,0.798
1736,39.38,0.798
1737,39.38,0.798
1738,39.38,0.798
1739,39.38,0.798
1740,39.38,0.798
1741,39.38,0.798
1742,39.38,0.798
1743,39.38,0.798
1744,39.38,0.798
1745,39.38,0.798
1746,39.38,0.798
1747,39.38,0.798
1748,39.38,0.798
1749,39.38,0.798
1750,39.38,0.798
1751,39.38,0.798
1752,39.38,0.798
1753,39.38,0.798
1754,39.38,0.798
1755,39.38,0.798
1756,39.38,0.798
1757,39.38,0.798
1758,39.38,0.798
1759,39.38,0.798
1760,39.38,0.798
1761,39.38,0.798
1762,39.38,0.798
1763,39.38,0.798
1764,39.38,0.798
1765,39.38,0.798
1766,39.38,0.798
1767,39.38,0.798
1768,39.38,0.798
1769,39.38,0.798
1770,39.38,0.798
1771,39.38,0.798
1772,39.38,0.798
1773,39.38,0.798
1774,39.38,0.798
1775,39.38,0.798
1776,39.38,0.798
1777,39.38,0.798
1778,39.38,0.798
1779,39.38,0.798
1780,39.38,0.798
1781,39.38,0.798
1782,39.38,0.798
1783,39.38,0.798
1784,39.38,0.798
1785,39.38,0.798
1786,39.38,0.798
1787,39.38,0.798
1788,39.38,0.798
1789,39.38,0.798
1790,39.38,0.798
1791,39.38,0.798
1792,39.38,0.798
1793,39.38,0.798
1794,39.38,0.798
1795,39.38,0.798
1796,39.38,0.798
1797,39.38,0.798
1798,39.38,0.798
1799,39.38,0.798
1800,39.38,0.798
1801,39.38,0.798
1802,39.38,0.798
1803,39.38,0.798
1804,39.38,0.798
1805,39.38,0.798
1806,39.38,0.798
1807,39.38,0.798
1808,39.38,0.798
1809,39.38,0.798
1810,39.38,0.798
1811,39.38,0.798
1812,39.38,0.798
1813,39.38,0.798
1814,39.38,0.798
1815,39.38,0.798
1816,39.38,0.798
1817,39.38,0.798
1818,39.38,0.798
1819,39.38,0.798
1820,39.38,0.798
1821,39.38,0.798
1822,39.38,0.798
1823,39.38,0.798
1824,39.38,0.798
1825,39.38,0.798
1826,39.38,0.798
1827,39.38,0.798
1828,39.38,0.798
1829,39.38,0.798
1830,39.38,0.798
1831,39.38,0.798
1832,39.38,0.798
1833,39.38,0.798
1834,39.38,0.798
1835,39.38,0.798
1836,39.38,0.798
1837,39.38,0.798
1838,39.38,0.798
1839,39.38,0.798
1840,39.38,0.798
1841,39.38,0.798
1842,39.38,0.798
1843,39.38,0.798
1844,39.38,0.798
1845,39.38,0.798
1846,39.38,0.798
1847,39.38,0.798
1848,39.38,0.798
1849,39.38,0.798
1850,39.38,0.798
1851,39.38,0.798
1852,39.38,0.798
1853,39.38,0.798
1854,39.38,0.798
1855,39.38,0.798
1856,39.38,0.798
1857,39.38,0.798
1858,39.38,0.798
1859,39.38,0.798
1860,39.38,0.798
1861,39.38,0.798
1862,39.38,0.798
1863,39.38,0.798
1864,39.38,0.798
1865,39.38,0.798
1866,39.38,0.798
1867,39.38,0.798
1868,39.38,0.798
1869,39.38,0.798
1870,39.38,0.798
1871,39.38,0.798
1872,39.38,0.798
1873,39.38,0.798
1874,39.38,0.798
1875,39.38,0.798
1876,39.38,0.798
1877,39.38,0.798
1878,39.38,0.798
1879,39.38,0.798
1880,39.38,0.798
1881,39.38,0.798
1882,39.38,0.798
1883,39.38,0.798
1884,39.38,0.798
1885,39.38,0.798
1886,39.38,0.798
1887,39.38,0.798
1888,39.38,0.798
1889,39.38,0.798
1890,39.38,0.798
1891,39.38,0.798
1892,39.38,0.798
1893,39.38,0.798
1894,39.38,0.798
1895,39.38,0.798
1896,39.38,0.798
1897,39.38,0.798
1898,39.38,0.798
1899,39.38,0.798
1900,39.38,0.798
1901,39.38,0.798
1902,39.38,0.798
1903,39.38,0.798
1904,39.38,0.798
1905,39.38,0.798
1906,39.38,0.798
1907,39.38,0.798
1908,39.38,0.798
1909,39.38,0.798
1910,39.38,0.798
1911,39.38,0.798
1912,39.38,0.798
1913,39.38,0.798
1914,39.38,0.798
1915,39.38,0.798
1916,39.38,0.798
1917,39.38,0.798
1918,39.38,0.798
1919,39.38,0.798
1920,39.38,0.798
1921,39.38,0.798
1922,39.38,0.798
1923,39.38,0.798
1924,39.38,0.798
1925,39.38,0.798
1926,39.38,0.798
1927,39.38,0.798
1928,39.38,0.798
1929,39.38,0.798
1930,39.38,0.798
1931,39.38,0.798
1932,39.38,0.798
1933,39.38,0.798
1934,39.38,0.798
1935,39.38,0.798
1936,39.38,0.798
1937,39.38,0.798
1938,39.38,0.798
1939,39.38,0.798
1940,39.38,0.798
1941,39.38,0.798
1942,39.38,0.798
1943,39.38,0.798
1944,39.38,0.798
1945,39.38,0.798
1946,39.38,0.798
1947,39.38,0.798
1948,39.38,0.798
1949,39.38,0.798
1950,39.38,0.798
1951,39.38,0.798
1952,39.38,0.798
1953,39.38,0.798
1954,39.38,0.798
1955,39.38,0.798
1956,39.38,0.798
1957,39.38,0.798
1958,39.38,0.798
1959,39.38,0.798
1960,39.38,0.798
1961,39.38,0.798
1962,39.38,0.798
1963,39.38,0.798
1964,39.38,0.798
1965,39.38,0.798
1966,39.38,0.798
1967,39.38,0.798
1968,39.38,0.798
1969,39.38,0.798
1970,39.38,0.798
1971,39.38,0.798
1972,39.38,0.798
1973,39.38,0.798
1974,39.38,0.798
1975,39.38,0.798
1976,39.38,0.798
1977,39.38,0.798
1978,39.38,0.798
1979,39.38,0.798
1980,39.38,0.798
1981,39.38,0.798
1982,39.38,0.798
1983,39.38,0.798
1984,39.38,0.798
1985,39.38,0.798
1986,39.38,0.798
1987,39.38,0.798
1988,39.38,0.798
1989,39.38,0.798
1990,39.38,0.798
1991,39.38,0.798
1992,39.38,0.798
1993,39.38,0.798
1994,39.38,0.798
1995,39.38,0.798
1996,39.38,0.798
1997,39.38,0.798
1998,39.38,0.798
1999,39.38,0.798
2000,39.38,0.798
2001,39.38,0.798
2002,39.38,0.798
2003,39.38,0.798
2004,39.38,0.798
2005,39.38,0.798
2006,39.38,0.798
2007,39.38,0.798
2008,39.38,0.798
2009,39.38,0.798
2010,39.38,0.798
2011,39.38,0.798
2012,39.38,0.798
2013,39.38,0.798
2014,39.38,0.798
2015,39.38,0.798
2016,39.38,0.798
2017,39.38,0.798
2018,39.38,0.798
2019,39.38,0.798
2020,39.38,0.798
2021,39.38,0.798
2022,39.38,0.798
2023,39.38,0.798
2024,39.38,0.798
2025,39.38,0.798
2026,39.38,0.798
2027,39.38,0.798
2028,39.38,0.798
2029,39.38,0.798
2030,39.38,0.798
2031,39.38,0.798
2032,39.38,0.798
2033,39.38,0.798
2034,39.38,0.798
2035,39.38,0.798
2036,39.38,0.798
2037,39.38,0.798
2038,39.38,0.798
2039,39.38,0.798
2040,39.38,0.798
2041,39.38,0.798
2042,39.38,0.798
2043,39.38,0.798
2044,39.38,0.798
2045,39.38,0.798
2046,39.38,0.798
2047,39.38,0.798
2048,39.38,0.798
2049,39.38,0.798
2050,39.38,0.798
2051,39.38,0.798
2052,39.38,0.798
2053,39.38,0.798
2054,39.38,0.798
2055,39.38,0.798
2056,39.38,0.798
2057,39.38,0.798
2058,39.38,0.798
2059,39.38,0.798
2060,39.38,0.798
2061,39.38,0.798
2062,39.38,0.798
2063,39.38,0.798
2064,39.38,0.798
2065,39.38,0.798
2066,39.38,0.798
2067,39.38,0.798
2068,39.38,0.798
2069,39.38,0.798
2070,39.38,0.798
2071,39.38,0.798
2072,39.38,0.798
2073,39.38,0.798
2074,39.38,0.798
2075,39.38,0.798
2076,39.38,0.798
2077,39.38,0.798
2078,39.38,0.798
2079,39.38,0.798
2080,39.38,0.798
2081,39.38,0.798
2082,39.38,0.798
2083,39.38,0.798
2084,39.38,0.798
2085,39.38,0.798
2086,39.38,0.798
2087,39.38,0.798
2088,39.38,0.798
2089,39.38,0.798
2090,39.38,0.798
2091,39.38,0.798
2092,39.38,0.798
2093,39.38,0.798
2094,39.38,0.798
2095,39.38,0.798
2096,39.38,0.798
2097,39.38,0.798
2098,39.38,0.798
2099,39.38,0.798
2100,39.38,0.798
2101,39.38,0.798
2102,39.38,0.798
2103,39.38,0.798
2104,39.38,0.798
2105,39.38,0.798
2106,39.38,0.798
2107,39.38,0.798
2108,39.38,0.798
2109,39.38,0.798
2110,39.38,0.798
2111,39.38,0.798
2112,39.38,0.798
2113,39.38,0.798
2114,39.38,0.798
2115,39.38,0.798
2116,39.38,0.798
2117,39.38,0.798
2118,39.38,0.798
2119,39.38,0.798
2120,39.38,0.798
2121,39.38,0.798
2122,39.38,0.798
2123,39.38,0.798
2124,39.38,0.798
2125,39.38,0.798
2126,39.38,0.798
2127,39.38,0.798
2128,39.38,0.798
2129,39.38,0.798
2130,39.38,0.798
2131,39.38,0.798
2132,39.38,0.798
2133,39.38,0.798
2134,39.38,0.798
2135,39.38,0.798
2136,39.38,0.798
2137,39.38,0.798
2138,39.38,0.798
2139,39.38,0.798
2140,39.38,0.798
2141,39.38,0.798
2142,39.38,0.798
2143,39.38,0.798
2144,39.38,0.798
2145,39.38,0.798
2146,39.38,0.798
2147,39.38,0.798
2148,39.38,0.798
2149,39.38,0.798
2150,39.38,0.798
2151,39.38,0.798
2152,39.38,0.798
2153,39.38,0.798
2154,39.38,0.798
2155,39.38,0.798
2156,39.38,0.798
2157,39.38,0.798
2158,39.38,0.798
2159,39.38,0.798
2160,39.38,0.798
2161,39.38,0.798
2162,39.38,0.798
2163,39.38,0.798
2164,39.38,0.798
2165,39.38,0.798
2166,39.38,0.798
2167,39.38,0.798
2168,39.38,0.798
2169,39.38,0.798
2170,39.38,0.798
2171,39.38,0.798
2172,39.38,0.798
2173,39.38,0.798
2174,39.38,0.798
2175,39.38,0.798
2176,39.38,0.798
2177,39.38,0.798
2178,39.38,0.798
2179,39.38,0.798
2180,39.38,0.798
2181,39.38,0.798
2182,39.38,0.798
2183,39.38,0.798
2184,39.38,0.798
2185,39.38,0.798
2186,39.38,0.798
2187,39.38,0.798
2188,39.38,0.798
2189,39.38,0.798
2190,39.38,0.798
2191,39.38,0.798
2192,39.38,0.798
2193,39.38,0.798
2194,39.38,0.798
2195,39.38,0.798
2196,39.38,0.798
2197,39.38,0.798
2198,39.38,0.798
2199,39.38,0.798
2200,39.38,0.798
2201,39.38,0.798
2202,39.38,0.798
2203,39.38,0.798
2204,39.38,0.798
2205,39.38,0.798
2206,39.38,0.798
2207,39.38,0.798
2208,39.38,0.798
2209,39.38,0.798
2210,39.38,0.798
2211,39.38,0.798
2212,39.38,0.798
2213,39.38,0.798
2214,39.38,0.798
2215,39.38,0.798
2216,39.38,0.798
2217,39.38,0.798
2218,39.38,0.798
2219,39.38,0.798
2220,39.38,0.798
2221,39.38,0.798
2222,39.38,0.798
2223,39.38,0.798
2224,39.38,0.798
2225,39.38,0.798
2226,39.38,0.798
2227,39.38,0.798
2228,39.38,0.798
2229,39.38,0.798
2230,39.38,0.798
2231,39.38,0.798
2232,39.38,0.798
2233,39.38,0.798
2234,39.38,0.798
2235,39.38,0.798
2236,39.38,0.798
2237,39.38,0.798
2238,39.38,0.798
2239,39.38,0.798
2240,39.38,0.798
2241,39.38,0.798
2242,39.38,0.798
2243,39.38,0.798
2244,39.38,0.798
2245,39.38,0.798
2246,39.38,0.798
2247,39.38,0.798
2248,39.38,0.798
2249,39.38,0.798
2250,39.38,0.798
2251,39.38,0.798
2252,39.38,0.798
2253,39.38,0.798
2254,39.38,0.798
2255,39.38,0.798
2256,39.38,0.798
2257,39.38,0.798
2258,39.38,0.798
2259,39.38,0.798
2260,39.38,0.798
2261,39.38,0.798
2262,39.38,0.798
2263,39.38,0.798
2264,39.38,0.798
2265,39.38,0.798
2266,39.38,0.798
2267,39.38,0.798
2268,39.38,0.798
2269,39.38,0.798
2270,39.38,0.798
2271,39.38,0.798
2272,39.38,0.798
2273,39.38,0.798
2274,39.38,0.798
2275,39.38,0.798
2276,39.38,0.798
2277,39.38,0.798
2278,39.38,0.798
2279,39.38,0.798
2280,39.38,0.798
2281,39.38,0.798
2282,39.38,0.798
2283,39.38,0.798
2284,39.38,0.798
2285,39.38,0.798
2286,39.38,0.798
2287,39.38,0.798
2288,39.38,0.798
2289,39.38,0.798
2290,39.38,0.798
2291,39.38,0.798
2292,39.38,0.798
2293,39.38,0.798
2294,39.38,0.798
2295,39.38,0.798
2296,39.38,0.798
2297,39.38,0.798
2298,39.38,0.798
2299,39.38,0.798
2300,39.38,0.798
2301,39.38,0.798
2302,39.38,0.798
2303,39.38,0.798
2304,39.38,0.798
2305,39.38,0.798
2306,39.38,0.798
2307,39.38,0.798
2308,39.38,0.798
2309,39.38,0.798
2310,39.38,0.798
2311,39.38,0.798
2312,39.38,0.798
2313,39.38,0.798
2314,39.38,0.798
2315,39.38,0.798
2316,39.38,0.798
2317,39.38,0.798
2318,39.38,0.798
2319,39.38,0.798
2320,39.38,0.798
2321,39.38,0.798
2322,39.38,0.798
2323,39.38,0.798
2324,39.38,0.798
2325,39.38,0.798
2326,39.38,0.798
2327,39.38,0.798
2328,39.38,0.798
2329,39.38,0.798
2330,39.38,0.798
2331,39.38,0.798
2332,39.38,0.798
2333,39.38,0.798
2334,39.38,0.798
2335,39.38,0.798
2336,39.38,0.798
2337,39.38,0.798
2338,39.38,0.798
2339,39.38,0.798
2340,39.38,0.798
2341,39.38,0.798
2342,39.38,0.798
2343,39.38,0.798
2344,39.38,0.798
2345,39.38,0.798
2346,39.38,0.798
2347,39.38,0.798
2348,39.38,0.798
2349,39.38,0.798
2350,39.38,0.798
2351,39.38,0.798
2352,39.38,0.798
2353,39.38,0.798
2354,39.38,0.798
2355,39.38,0.798
2356,39.38,0.798
2357,39.38,0.798
2358,39.38,0.798
2359,39.38,0.798
2360,39.38,0.798
2361,39.38,0.798
2362,39.38,0.798
2363,39.38,0.798
2364,39.38,0.798
2365,39.38,0.798
2366,39.38,0.798
2367,39.38,0.798
2368,39.38,0.798
2369,39.38,0.798
2370,39.38,0.798
2371,39.38,0.798
2372,39.38,0.798
2373,39.38,0.798
2374,39.38,0.798
2375,39.38,0.798
2376,39.38,0.798
2377,39.38,0.798
2378,39.38,0.798
2379,39.38,0.798
2380,39.38,0.798
2381,39.38,0.798
2382,39.38,0.798
2383,39.38,0.798
2384,39.38,0.798
2385,39.38,0.798
2386,39.38,0.798
2387,39.38,0.798
2388,39.38,0.798
2389,39.38,0.798
2390,39.38,0.798
2391,39.38,0.798
2392,39.38,0.798
2393,39.38,0.798
2394,39.38,0.798
2395,39.38,0.798
2396,39.38,0.798
2397,39.38,0.798
2398,39.38,0.798
2399,39.38,0.798
2400,39.38,0.798
2401,39.38,0.798
2402,39.38,0.798
2403,39.38,0.798
2404,39.38,0.798
2405,39.38,0.798
2406,39.38,0.798
2407,39.38,0.798
2408,39.38,0.798
2409,39.38,0.798
2410,39.38,0.798
2411,39.38,0.798
2412,39.38,0.798
2413,39.38,0.798
2414,39.38,0.798
2415,39.38,0.798
2416,39.38,0.798
2417,39.38,0.798
2418,39.38,0.798
2419,39.38,0.798
2420,39.38,0.798
2421,39.38,0.798
2422,39.38,0.798
2423,39.38,0.798
2424,39.38,0.798
2425,39.38,0.798
2426,39.38,0.798
2427,39.38,0.798
2428,39.38,0.798
2429,39.38,0.798
2430,39.38,0.798
2431,39.38,0.798
2432,39.38,0.798
2433,39.38,0.798
2434,39.38,0.798
2435,39.38,0.798
2436,39.38,0.798
2437,39.38,0.798
2438,39.38,0.798
2439,39.38,0.798
2440,39.38,0.798
2441,39.38,0.798
2442,39.38,0.798
2443,39.38,0.798
2444,39.38,0.798
2445,39.38,0.798
2446,39.38,0.798
2447,39.38,0.798
2448,39.38,0.798
2449,39.38,0.798
2450,39.38,0.798
2451,39.38,0.798
2452,39.38,0.798
2453,39.38,0.798
2454,39.38,0.798
2455,39.38,0.798
2456,39.38,0.798
2457,39.38,0.798
2458,39.38,0.798
2459,39.38,0.798
2460,39.38,0.798
2461,39.38,0.798
2462,39.38,0.798
2463,39.38,0.798
2464,39.38,0.798
2465,39.38,0.798
2466,39.38,0.798
2467,39.38,0.798
2468,39.38,0.798
2469,39.38,0.798
2470,39.38,0.798
2471,39.38,0.798
2472,39.38,0.798
2473,39.38,0.798
2474,39.38,0.798
2475,39.38,0.798
2476,39.38,0.798
2477,39.38,0.798
2478,39.38,0.798
2479,39.38,0.798
2480,39.38,0.798
2481,39.38,0.798
2482,39.38,0.798
2483,39.38,0.798
2484,39.38,0.798
2485,39.38,0.798
2486,39.38,0.798
2487,39.38,0.798
2488,39.38,0.798
2489,39.38,0.798
2490,39.38,0.798
2491,39.38,0.798
2492,39.38,0.798
2493,39.38,0.798
2494,39.38,0.798
2495,39.38,0.798
2496,39.38,0.798
2497,39.38,0.798
2498,39.38,0.798
2499,39.38,0.798
2500,39.38,0.798
2501,39.38,0.798
2502,39.38,0.798
2503,39.38,0.798
2504,39.38,0.798
2505,39.38,0.798
2506,39.38,0.798
2507,39.38,0.798
2508,39.38,0.798
2509,39.38,0.798
2510,39.38,0.798
2511,39.38,0.798
2512,39.38,0.798
2513,39.38,0.798
2514,39.38,0.798
2515,39.38,0.798
2516,39.38,0.798
2517,39.38,0.798
2518,39.38,0.798
2519,39.38,0.798
2520,39.38,0.798
2521,39.38,0.798
2522,39.38,0.798
2523,39.38,0.798
2524,39.38,0.798
2525,39.38,0.798
2526,39.38,0.798
2527,39.38,0.798
2528,39.38,0.798
2529,39.38,0.798
2530,39.38,0.798
2531,39.38,0.798
2532,39.38,0.798
2533,39.38,0.798
2534,39.38,0.798
2535,39.38,0.798
2536,39.38,0.798
2537,39.38,0.798
2538,39.38,0.798
2539,39.38,0.798
2540,39.38,0.798
2541,39.38,0.798
2542,39.38,0.798
2543,39.38,0.798
2544,39.38,0.798
2545,39.38,0.798
2546,39.38,0.798
2547,39.38,0.798
2548,39.38,0.798
2549,39.38,0.798
2550,39.38,0.798
2551,39.38,0.798
2552,39.38,0.798
2553,39.38,0.798
2554,39.38,0.798
2555,39.38,0.798
2556,39.38,0.798
2557,39.38,0.798
2558,39.38,0.798
2559,39.38,0.798
2560,39.38,0.798
2561,39.38,0.798
2562,39.38,0.798
2563,39.38,0.798
2564,39.38,0.798
2565,39.38,0.798
2566,39.38,0.798
2567,39.38,0.798
2568,39.38,0.798
2569,39.38,0.798
2570,39.38,0.798
2571,39.38,0.798
2572,39.38,0.798
2573,39.38,0.798
2574,39.38,0.798
2575,39.38,0.798
2576,39.38,0.798
2577,39.38,0.798
2578,39.38,0.798
2579,39.38,0.798
2580,39.38,0.798
2581,39.38,0.798
2582,39.38,0.798
2583,39.38,0.798
2584,39.38,0.798
2585,39.38,0.798
2586,39.38,0.798
2587,39.38,0.798
2588,39.38,0.798
2589,39.38,0.798
2590,39.38,0.798
2591,39.38,0.798
2592,39.38,0.798
2593,39.38,0.798
2594,39.38,0.798
2595,39.38,0.798
2596,39.38,0.798
2597,39.38,0.798
2598,39.38,0.798
2599,39.38,0.798
2600,39.38,0.798
2601,39.38,0.798
2602,39.38,0.798
2603,39.38,0.798
2604,39.38,0.798
2605,39.38,0.798
2606,39.38,0.798
2607,39.38,0.798
2608,39.38,0.798
2609,39.38,0.798
2610,39.38,0.798
2611,39.38,0.798
2612,39.38,0.798
2613,39.38,0.798
2614,39.38,0.798
2615,39.38,0.798
2616,39.38,0.798
2617,39.38,0.798
2618,39.38,0.798
2619,39.38,0.798
2620,39.38,0.798
2621,39.38,0.798
2622,39.38,0.798
2623,39.38,0.798
2624,39.38,0.798
2625,39.38,0.798
2626,39.38,0.798
2627,39.38,0.798
2628,39.38,0.798
2629,39.38,0.798
2630,39.38,0.798
2631,39.38,0.798
2632,39.38,0.798
2633,39.38,0.798
2634,39.38,0.798
2635,39.38,0.798
2636,39.38,0.798
2637,39.38,0.798
2638,39.38,0.798
2639,39.38,0.798
2640,39.38,0.798
2641,39.38,0.798
2642,39.38,0.798
2643,39.38,0.798
2644,39.38,0.798
2645,39.38,0.798
2646,39.38,0.798
2647,39.38,0.798
2648,39.38,0.798
2649,39.38,0.798
2650,39.38,0.798
2651,39.38,0.798
2652,39.38,0.798
2653,39.38,0.798
2654,39.38,0.798
2655,39.38,0.798
2656,39.38,0.798
2657,39.38,0.798
2658,39.38,0.798
2659,39.38,0.798
2660,39.38,0.798
2661,39.38,0.798
2662,39.38,0.798
2663,39.38,0.798
2664,39.38,0.798
2665,39.38,0.798
2666,39.38,0.798
2667,39.38,0.798
2668,39.38,0.798
2669,39.38,0.798
2670,39.38,0.798
2671,39.38,0.798
2672,39.38,0.798
2673,39.38,0.798
2674,39.38,0.798
2675,39.38,0.798
2676,39.38,0.798
2677,39.38,0.798
2678,39.38,0.798
2679,39.38,0.798
2680,39.38,0.798
2681,39.38,0.798
2682,39.38,0.798
2683,39.38,0.798
2684,39.38,0.798
2685,39.38,0.798
2686,39.38,0.798
2687,39.38,0.798
2688,39.38,0.798
2689,39.38,0.798
2690,39.38,0.798
2691,39.38,0.798
2692,39.38,0.798
2693,39.38,0.798
2694,39.38,0.798
2695,39.38,0.798
2696,39.38,0.798
2697,39.38,0.798
2698,39.38,0.798
2699,39.38,0.798
2700,39.38,0.798
2701,39.38,0.798
2702,39.38,0.798
2703,39.38,0.798
2704,39.38,0.798
2705,39.38,0.798
2706,39.38,0.798
2707,39.38,0.798
2708,39.38,0.798
2709,39.38,0.798
2710,39.38,0.798
2711,39.38,0.798
2712,39.38,0.798
2713,39.38,0.798
2714,39.38,0.798
2715,39.38,0.798
2716,39.38,0.798
2717,39.38,0.798
2718,39.38,0.798
2719,39.38,0.798
2720,39.38,0.798
2721,39.38,0.798
2722,39.38,0.798
2723,39.38,0.798
2724,39.38,0.798
2725,39.38,0.798
2726,39.38,0.798
2727,39.38,0.798
2728,39.38,0.798
2729,39.38,0.798
2730,39.38,0.798
2731,39.38,0.798
2732,39.38,0.798
2733,39.38,0.798
2734,39.38,0.798
2735,39.38,0.798
2736,39.38,0.798
2737,39.38,0.798
2738,39.38,0.798
2739,39.38,0.798
2740,39.38,0.798
2741,39.38,0.798
2742,39.38,0.798
2743,39.38,0.798
2744,39.38,0.798
2745,39.38,0.798
2746,39.38,0.798
2747,39.38,0.798
2748,39.38,0.798
2749,39.38,0.798
2750,39.38,0.798
2751,39.38,0.798
2752,39.38,0.798
2753,39.38,0.798
2754,39.38,0.798
2755,39.38,0.798
2756,39.38,0.798
2757,39.38,0.798
2758,39.38,0.798
2759,39.38,0.798
2760,39.38,0.798
2761,39.38,0.798
2762,39.38,0.798
2763,39.38,0.798
2764,39.38,0.798
2765,39.38,0.798
2766,39.38,0.798
2767,39.38,0.798
2768,39.38,0.798
2769,39.38,0.798
2770,39.38,0.798
2771,39.38,0.798
2772,39.38,0.798
2773,39.38,0.798
2774,39.38,0.798
2775,39.38,0.798
2776,39.38,0.798
2777,39.38,0.798
2778,39.38,0.798
2779,39.38,0.798
2780,39.38,0.798
2781,39.38,0.798
2782,39.38,0.798
2783,39.38,0.798
2784,39.38,0.798
2785,39.38,0.798
2786,39.38,0.798
2787,39.38,0.798
2788,39.38,0.798
2789,39.38,0.798
2790,39.38,0.798
2791,39.38,0.798
2792,39.38,0.798
2793,39.38,0.798
2794,39.38,0.798
2795,39.38,0.798
2796,39.38,0.798
2797,39.38,0.798
2798,39.38,0.798
2799,39.38,0.798
2800,39.38,0.798
2801,39.38,0.798
2802,39.38,0.798
2803,39.38,0.798
2804,39.38,0.798
2805,39.38,0.798
2806,39.38,0.798
2807,39.38,0.798
2808,39.38,0.798
2809,39.38,0.798
2810,39.38,0.798
2811,39.38,0.798
2812,39.38,0.798
2813,39.38,0.798
2814,39.38,0.798
2815,39.38,0.798
2816,39.38,0.798
2817,39.38,0.798
2818,39.38,0.798
2819,39.38,0.798
2820,39.38,0.798
2821,39.38,0.798
2822,39.38,0.798
2823,39.38,0.798
2824,39.38,0.798
2825,39.38,0.798
2826,39.38,0.798
2827,39.38,0.798
2828,39.38,0.798
2829,39.38,0.798
2830,39.38,0.798
2831,39.38,0.798
2832,39.38,0.798
2833,39.38,0.798
2834,39.38,0.798
2835,39.38,0.798
2836,39.38,0.798
2837,39.38,0.798
2838,39.38,0.798
2839,39.38,0.798
2840,39.38,0.798
2841,39.38,0.798
2842,39.38,0.798
2843,39.38,0.798
2844,39.38,0.798
2845,39.38,0.798
2846,39.38,0.798
2847,39.38,0.798
2848,39.38,0.798
2849,39.38,0.798
2850,39.38,0.798
2851,39.38,0.798
2852,39.38,0.798
2853,39.38,0.798
2854,39.38,0.798
2855,39.38,0.798
2856,39.38,0.798
2857,39.38,0.798
2858,39.38,0.798
2859,39.38,0.798
2860,39.38,0.798
2861,39.38,0.798
2862,39.38,0.798
2863,39.38,0.798
2864,39.38,0.798
2865,39.38,0.798
2866,39.38,0.798
2867,39.38,0.798
2868,39.38,0.798
2869,39.38,0.798
2870,39.38,0.798
2871,39.38,0.798
2872,39.38,0.798
2873,39.38,0.798
2874,39.38,0.798
2875,39.38,0.798
2876,39.38,0.798
2877,39.38,0.798
2878,39.38,0.798
2879,39.38,0.798
2880,39.38,0.798
2881,39.38,0.798
2882,39.38,0.798
2883,39.38,0.798
2884,39.38,0.798
2885,39.38,0.798
2886,39.38,0.798
2887,39.38,0.798
2888,39.38,0.798
2889,39.38,0.798
2890,39.38,0.798
2891,39.38,0.798
2892,39.38,0.798
2893,39.38,0.798
2894,39.38,0.798
2895,39.38,0.798
2896,39.38,0.798
2897,39.38,0.798
2898,39.38,0.798
2899,39.38,0.798
2900,39.38,0.798
2901,39.38,0.798
2902,39.38,0.798
2903,39.38,0.798
2904,39.38,0.798
2905,39.38,0.798
2906,39.38,0.798
2907,39.38,0.798
2908,39.38,0.798
2909,39.38,0.798
2910,39.38,0.798
2911,39.38,0.798
2912,39.38,0.798
2913,39.38,0.798
2914,39.38,0.798
2915,39.38,0.798
2916,39.38,0.798
2917,39.38,0.798
2918,39.38,0.798
2919,39.38,0.798
2920,39.38,0.798
2921,39.38,0.798
2922,39.38,0.798
2923,39.38,0.798
2924,39.38,0.798
2925,39.38,0.798
2926,39.38,0.798
2927,39.38,0.798
2928,39.38,0.798
2929,39.38,0.798
2930,39.38,0.798
2931,39.38,0.798
2932,39.38,0.798
2933,39.38,0.798
2934,39.38,0.798
2935,39.38,0.798
2936,39.38,0.798
2937,39.38,0.798
2938,39.38,0.798
2939,39.38,0.798
2940,39.38,0.798
2941,39.38,0.798
2942,39.38,0.798
2943,39.38,0.798
2944,39.38,0.798
2945,39.38,0.798
2946,39.38,0.798
2947,39.38,0.798
2948,39.38,0.798
2949,39.38,0.798
2950,39.38,0.798
2951,39.38,0.798
2952,39.38,0.798
2953,39.38,0.798
2954,39.38,0.798
2955,39.38,0.798
2956,39.38,0.798
2957,39.38,0.798
2958,39.38,0.798
2959,39.38,0.798
2960,39.38,0.798
2961,39.38,0.798
2962,39.38,0.798
2963,39.38,0.798
2964,39.38,0.798
2965,39.38,0.798
2966,39.38,0.798
2967,39.38,0.798
2968,39.38,0.798
2969,39.38,0.798
2970,39.38,0.798
2971,39.38,0.798
2972,39.38,0.798
2973,39.38,0.798
2974,39.38,0.798
2975,39.38,0.798
2976,39.38,0.798
2977,39.38,0.798
2978,39.38,0.798
2979,39.38,0.798
2980,39.38,0.798
2981,39.38,0.798
2982,39.38,0.798
2983,39.38,0.798
2984,39.38,0.798
2985,39.38,0.798
2986,39.38,0.798
2987,39.38,0.798
2988,39.38,0.798
2989,39.38,0.798
2990,39.38,0.798
2991,39.38,0.798
2992,39.38,0.798
2993,39.38,0.798
2994,39.38,0.798
2995,39.38,0.798
2996,39.38,0.798
2997,39.38,0.798
2998,39.38,0.798
2999,39.38,0.798
3000,39.38,0.798
3001,39.38,0.798
3002,39.38,0.798
3003,39.38,0.798
3004,39.38,0.798
3005,39.38,0.798
3006,39.38,0.798
3007,39.38,0.798
3008,39.38,0.798
3009,39.38,0.798
3010,39.38,0.798
3011,39.38,0.798
3012,39.38,0.798
3013,39.38,0.798
3014,39.38,0.798
3015,39.38,0.798
3016,39.38,0.798
3017,39.38,0.798
3018,39.38,0.798
3019,39.38,0.798
3020,39.38,0.798
3021,39.38,0.798
3022,39.38,0.798
3023,39.38,0.798
3024,39.38,0.798
3025,39.38,0.798
3026,39.38,0.798
3027,39.38,0.798
3028,39.38,0.798
3029,39.38,0.798
3030,39.38,0.798
3031,39.38,0.798
3032,39.38,0.798
3033,39.38,0.798
3034,39.38,0.798
3035,39.38,0.798
3036,39.38,0.798
3037,39.38,0.798
3038,39.38,0.798
3039,39.38,0.798
3040,39.38,0.798
3041,39.38,0.798
3042,39.38,0.798
3043,39.38,0.798
3044,39.38,0.798
3045,39.38,0.798
3046,39.38,0.798
3047,39.38,0.798
3048,39.38,0.798
3049,39.38,0.798
3050,39.38,0.798
3051,39.38,0.798
3052,39.38,0.798
3053,39.38,0.798
3054,39.38,0.798
3055,39.38,0.798
3056,39.38,0.798
3057,39.38,0.798
3058,39.38,0.798
3059,39.38,0.798
3060,39.38,0.798
3061,39.38,0.798
3062,39.38,0.798
3063,39.38,0.798
3064,39.38,0.798
3065,39.38,0.798
3066,39.38,0.798
3067,39.38,0.798
3068,39.38,0.798
3069,39.38,0.798
3070,39.38,0.798
3071,39.38,0.798
3072,39.38,0.798
3073,39.38,0.798
3074,39.38,0.798
3075,39.38,0.798
3076,39.38,0.798
3077,39.38,0.798
3078,39.38,0.798
3079,39.38,0.798
3080,39.38,0.798
3081,39.38,0.798
3082,39.38,0.798
3083,39.38,0.798
3084,39.38,0.798
3085,39.38,0.798
3086,39.38,0.798
3087,39.38,0.798
3088,39.38,0.798
3089,39.38,0.798
3090,39.38,0.798
3091,39.38,0.798
3092,39.38,0.798
3093,39.38,0.798
3094,39.38,0.798
3095,39.38,0.798
3096,39.38,0.798
3097,39.38,0.798
3098,39.38,0.798
3099,39.38,0.798
3100,39.38,0.798
3101,39.38,0.798
3102,39.38,0.798
3103,39.38,0.798
3104,39.38,0.798
3105,39.38,0.798
3106,39.38,0.798
3107,39.38,0.798
3108,39.38,0.798
3109,39.38,0.798
3110,39.38,0.798
3111,39.38,0.798
3112,39.38,0.798
3113,39.38,0.798
3114,39.38,0.798
3115,39.38,0.798
3116,39.38,0.798
3117,39.38,0.798
3118,39.38,0.798
3119,39.38,0.798
3120,39.38,0.798
3121,39.38,0.798
3122,39.38,0.798
3123,39.38,0.798
3124,39.38,0.798
3125,39.38,0.798
3126,39.38,0.798
3127,39.38,0.798
3128,39.38,0.798
3129,39.38,0.798
3130,39.38,0.798
3131,39.38,0.798
3132,39.38,0.798
3133,39.38,0.798
3134,39.38,0.798
3135,39.38,0.798
3136,39.38,0.798
3137,39.38,0.798
3138,39.38,0.798
3139,39.38,0.798
3140,39.38,0.798
3141,39.38,0.798
3142,39.38,0.798
3143,39.38,0.798
3144,39.38,0.798
3145,39.38,0.798
3146,39.38,0.798
3147,39.38,0.798
3148,39.38,0.798
3149,39.38,0.798
3150,39.38,0.798
3151,39.38,0.798
3152,39.38,0.798
3153,39.38,0.798
3154,39.38,0.798
3155,39.38,0.798
3156,39.38,0.798
3157,39.38,0.798
3158,39.38,0.798
3159,39.38,0.798
3160,39.38,0.798
3161,39.38,0.798
3162,39.38,0.798
3163,39.38,0.798
3164,39.38,0.798
3165,39.38,0.798
3166,39.38,0.798
3167,39.38,0.798
3168,39.38,0.798
3169,39.38,0.798
3170,39.38,0.798
3171,39.38,0.798
3172,39.38,0.798
3173,39.38,0.798
3174,39.38,0.798
3175,39.38,0.798
3176,39.38,0.798
3177,39.38,0.798
3178,39.38,0.798
3179,39.38,0.798
3180,39.38,0.798
3181,39.38,0.798
3182,39.38,0.798
3183,39.38,0.798
3184,39.38,0.798
3185,39.38,0.798
3186,39.38,0.798
3187,39.38,0.798
3188,39.38,0.798
3189,39.38,0.798
3190,39.38,0.798
3191,39.38,0.798
3192,39.38,0.798
3193,39.38,0.798
3194,39.38,0.798
3195,39.38,0.798
3196,39.38,0.798
3197,39.38,0.798
3198,39.38,0.798
3199,39.38,0.798
3200,39.38,0.798
3201,39.38,0.798
3202,39.38,0.798
3203,39.38,0.798
3204,39.38,0.798
3205,39.38,0.798
3206,39.38,0.798
3207,39.38,0.798
3208,39.38,0.798
3209,39.38,0.798
3210,39.38,0.798
3211,39.38,0.798
3212,39.38,0.798
3213,39.38,0.798
3214,39.38,0.798
3215,39.38,0.798
3216,39.38,0.798
3217,39.38,0.798
3218,39.38,0.798
3219,39.38,0.798
3220,39.38,0.798
3221,39.38,0.798
3222,39.38,0.798
3223,39.38,0.798
3224,39.38,0.798
3225,39.38,0.798
3226,39.38,0.798
3227,39.38,0.798
3228,39.38,0.798
3229,39.38,0.798
3230,39.38,0.798
3231,39.38,0.798
3232,39.38,0.798
3233,39.38,0.798
3234,39.38,0.798
3235,39.38,0.798
3236,39.38,0.798
3237,39.38,0.798
3238,39.38,0.798
3239,39.38,0.798
3240,39.38,0.798
3241,39.38,0.798
3242,39.38,0.798
3243,39.38,0.798
3244,39.38,0.798
3245,39.38,0.798
3246,39.38,0.798
3247,39.38,0.798
3248,39.38,0.798
3249,39.38,0.798
3250,39.38,0.798
3251,39.38,0.798
3252,39.38,0.798
3253,39.38,0.798
3254,39.38,0.798
3255,39.38,0.798
3256,39.38,0.798
3257,39.38,0.798
3258,39.38,0.798
3259,39.38,0.798
3260,39.38,0.798
3261,39.38,0.798
3262,39.38,0.798
3263,39.38,0.798
3264,39.38,0.798
3265,39.38,0.798
3266,39.38,0.798
3267,39.38,0.798
3268,39.38,0.798
3269,39.38,0.798
3270,39.38,0.798
3271,39.38,0.798
3272,39.38,0.798
3273,39.38,0.798
3274,39.38,0.798
3275,39.38,0.798
3276,39.38,0.798
3277,39.38,0.798
3278,39.38,0.798
3279,39.38,0.798
3280,39.38,0.798
3281,39.38,0.798
3282,39.38,0.798
3283,39.38,0.798
3284,39.38,0.798
3285,39.38,0.798
3286,39.38,0.798
3287,39.38,0.798
3288,39.38,0.798
3289,39.38,0.798
3290,39.38,0.798
3291,39.38,0.798
3292,39.38,0.798
3293,39.38,0.798
3294,39.38,0.798
3295,39.38,0.798
3296,39.38,0.798
3297,39.38,0.798
3298,39.38,0.798
3299,39.38,0.798
3300,39.38,0.798
3301,39.38,0.798
3302,39.38,0.798
3303,39.38,0.798
3304,39.38,0.798
3305,39.38,0.798
3306,39.38,0.798
3307,39.38,0.798
3308,39.38,0.798
3309,39.38,0.798
3310,39.38,0.798
3311,39.38,0.798
3312,39.38,0.798
3313,39.38,0.798
3314,39.38,0.798
3315,39.38,0.798
3316,39.38,0.798
3317,39.38,0.798
3318,39.38,0.798
3319,39.38,0.798
3320,39.38,0.798
3321,39.38,0.798
3322,39.38,0.798
3323,39.38,0.798
3324,39.38,0.798
3325,39.38,0.798
3326,39.38,0.798
3327,39.38,0.798
3328,39.38,0.798
3329,39.38,0.798
3330,39.38,0.798
3331,39.38,0.798
3332,39.38,0.798
3333,39.38,0.798
3334,39.38,0.798
3335,39.38,0.798
3336,39.38,0.798
3337,39.38,0.798
3338,39.38,0.798
3339,39.38,0.798
3340,39.38,0.798
3341,39.38,0.798
3342,39.38,0.798
3343,39.38,0.798
3344,39.38,0.798
3345,39.38,0.798
3346,39.38,0.798
3347,39.38,0.798
3348,39.38,0.798
3349,39.38,0.798
3350,39.38,0.798
3351,39.38,0.798
3352,39.38,0.798
3353,39.38,0.798
3354,39.38,0.798
3355,39.38,0.798
3356,39.38,0.798
3357,39.38,0.798
3358,39.38,0.798
3359,39.38,0.798
3360,39.38,0.798
3361,39.38,0.798
3362,39.38,0.798
3363,39.38,0.798
3364,39.38,0.798
3365,39.38,0.798
3366,39.38,0.798
3367,39.38,0.798
3368,39.38,0.798
3369,39.38,0.798
3370,39.38,0.798
3371,39.38,0.798
3372,39.38,0.798
3373,39.38,0.798
3374,39.38,0.798
3375,39.38,0.798
3376,39.38,0.798
3377,39.38,0.798
3378,39.38,0.798
3379,39.38,0.798
3380,39.38,0.798
3381,39.38,0.798
3382,39.38,0.798
3383,39.38,0.798
3384,39.38,0.798
3385,39.38,0.798
3386,39.38,0.798
3387,39.38,0.798
3388,39.38,0.798
3389,39.38,0.798
3390,39.38,0.798
3391,39.38,0.798
3392,39.38,0.798
3393,39.38,0.798
3394,39.38,0.798
3395,39.38,0.798
3396,39.38,0.798
3397,39.38,0.798
3398,39.38,0.798
3399,39.38,0.798
3400,39.38,0.798
3401,39.38,0.798
3402,39.38,0.798
3403,39.38,0.798
3404,39.38,0.798
3405,39.38,0.798
3406,39.38,0.798
3407,39.38,0.798
3408,39.38,0.798
3409,39.38,0.798
3410,39.38,0.798
3411,39.38,0.798
3412,39.38,0.798
3413,39.38,0.798
3414,39.38,0.798
3415,39.38,0.798
3416,39.38,0.798
3417,39.38,0.798
3418,39.38,0.798
3419,39.38,0.798
3420,39.38,0.798
3421,39.38,0.798
3422,39.38,0.798
3423,39.38,0.798
3424,39.38,0.798
3425,39.38,0.798
3426,39.38,0.798
3427,39.38,0.798
3428,39.38,0.798
3429,39.38,0.798
3430,39.38,0.798
3431,39.38,0.798
3432,39.38,0.798
3433,39.38,0.798
3434,39.38,0.798
3435,39.38,0.798
3436,39.38,0.798
3437,39.38,0.798
3438,39.38,0.798
3439,39.38,0.798
3440,39.38,0.798
3441,39.38,0.798
3442,39.38,0.798
3443,39.38,0.798
3444,39.38,0.798
3445,39.38,0.798
3446,39.38,0.798
3447,39.38,0.798
3448,39.38,0.798
3449,39.38,0.798
3450,39.38,0.798
3451,39.38,0.798
3452,39.38,0.798
3453,39.38,0.798
3454,39.38,0.798
3455,39.38,0.798
3456,39.38,0.798
3457,39.38,0.798
3458,39.38,0.798
3459,39.38,0.798
3460,39.38,0.798
3461,39.38,0.798
3462,39.38,0.798
3463,39.38,0.798
3464,39.38,0.798
3465,39.38,0.798
3466,39.38,0.798
3467,39.38,0.798
3468,39.38,0.798
3469,39.38,0.798
3470,39.38,0.798
3471,39.38,0.798
3472,39.38,0.798
3473,39.38,0.798
3474,39.38,0.798
3475,39.38,0.798
3476,39.38,0.798
3477,39.38,0.798
3478,39.38,0.798
3479,39.38,0.798
3480,39.38,0.798
3481,39.38,0.798
3482,39.38,0.798
3483,39.38,0.798
3484,39.38,0.798
3485,39.38,0.798
3486,39.38,0.798
3487,39.38,0.798
3488,39.38,0.798
3489,39.38,0.798
3490,39.38,0.798
3491,39.38,0.798
3492,39.38,0.798
3493,39.38,0.798
3494,39.38,0.798
3495,39.38,0.798
3496,39.38,0.798
3497,39.38,0.798
3498,39.38,0.798
3499,39.38,0.798
3500,39.38,0.798
3501,39.38,0.798
3502,39.38,0.798
3503,39.38,0.798
3504,39.38,0.798
3505,39.38,0.798
3506,39.38,0.798
3507,39.38,0.798
3508,39.38,0.798
3509,39.38,0.798
3510,39.38,0.798
3511,39.38,0.798
3512,39.38,0.798
3513,39.38,0.798
3514,39.38,0.798
3515,39.38,0.798
3516,39.38,0.798
3517,39.38,0.798
3518,39.38,0.798
3519,39.38,0.798
3520,39.38,0.798
3521,39.38,0.798
3522,39.38,0.798
3523,39.38,0.798
3524,39.38,0.798
3525,39.38,0.798
3526,39.38,0.798
3527,39.38,0.798
3528,39.38,0.798
3529,39.38,0.798
3530,39.38,0.798
3531,39.38,0.798
3532,39.38,0.798
3533,39.38,0.798
3534,39.38,0.798
3535,39.38,0.798
3536,39.38,0.798
3537,39.38,0.798
3538,39.38,0.798
3539,39.38,0.798
3540,39.38,0.798
3541,39.38,0.798
3542,39.38,0.798
3543,39.38,0.798
3544,39.38,0.798
3545,39.38,0.798
3546,39.38,0.798
3547,39.38,0.798
3548,39.38,0.798
3549,39.38,0.798
3550,39.38,0.798
3551,39.38,0.798
3552,39.38,0.798
3553,39.38,0.798
3554,39.38,0.798
3555,39.38,0.798
3556,39.38,0.798
3557,39.38,0.798
3558,39.38,0.798
3559,39.38,0.798
3560,39.38,0.798
3561,39.38,0.798
3562,39.38,0.798
3563,39.38,0.798
3564,39.38,0.798
3565,39.38,0.798
3566,39.38,0.798
3567,39.38,0.798
3568,39.38,0.798
3569,39.38,0.798
3570,39.38,0.798
3571,39.38,0.798
3572,39.38,0.798
3573,39.38,0.798
3574,39.38,0.798
3575,39.38,0.798
3576,39.38,0.798
3577,39.38,0.798
3578,39.38,0.798
3579,39.38,0.798
3580,39.38,0.798
3581,39.38,0.798
3582,39.38,0.798
3583,39.38,0.798
3584,39.38,0.798
3585,39.38,0.798
3586,39.38,0.798
3587,39.38,0.798
3588,39.38,0.798
3589,39.38,0.798
3590,39.38,0.798
3591,39.38,0.798
3592,39.38,0.798
3593,39.38,0.798
3594,39.38,0.798
3595,39.38,0.798
3596,39.38,0.798
3597,39.38,0.798
3598,39.38,0.798
3599,39.38,0.798
3600,39.38,0.798
3601,39.38,0.798
3602,39.38,0.798
3603,39.38,0.798
3604,39.38,0.798
3605,39.38,0.798
3606,39.38,0.798
3607,39.38,0.798
3608,39.38,0.798
3609,39.38,0.798
3610,39.38,0.798
3611,39.38,0.798
3612,39.38,0.798
3613,39.38,0.798
3614,39.38,0.798
3615,39.38,0.798
3616,39.38,0.798
3617,39.38,0.798
3618,39.38,0.798
3619,39.38,0.798
3620,39.38,0.798
3621,39.38,0.798
3622,39.38,0.798
3623,39.38,0.798
3624,39.38,0.798
3625,39.38,0.798
3626,39.38,0.798
3627,39.38,0.798
3628,39.38,0.798
3629,39.38,0.798
3630,39.38,0.798
3631,39.38,0.798
3632,39.38,0.798
3633,39.38,0.798
3634,39.38,0.798
3635,39.38,0.798
3636,39.38,0.798
3637,39.38,0.798
3638,39.38,0.798
3639,39.38,0.798
3640,39.38,0.798
3641,39.38,0.798
3642,39.38,0.798
3643,39.38,0.798
3644,39.38,0.798
3645,39.38,0.798
3646,39.38,0.798
3647,39.38,0.798
3648,39.38,0.798
3649,39.38,0.798
3650,39.38,0.798
3651,39.38,0.798
3652,39.38,0.798
3653,39.38,0.798
3654,39.38,0.798
3655,39.38,0.798
3656,39.38,0.798
3657,39.38,0.798
3658,39.38,0.798
3659,39.38,0.798
3660,39.38,0.798
3661,39.38,0.798
3662,39.38,0.798
3663,39.38,0.798
3664,39.38,0.798
3665,39.38,0.798
3666,39.38,0.798
3667,39.38,0.798
3668,39.38,0.798
3669,39.38,0.798
3670,39.38,0.798
3671,39.38,0.798
3672,39.38,0.798
3673,39.38,0.798
3674,39.38,0.798
3675,39.38,0.798
3676,39.38,0.798
3677,39.38,0.798
3678,39.38,0.798
3679,39.38,0.798
3680,39.38,0.798
3681,39.38,0.798
3682,39.38,0.798
3683,39.38,0.798
3684,39.38,0.798
3685,39.38,0.798
