t,x,y
156,58.11,0.684
157,58.11,0.684
158,58.11,0.684
159,58.11,0.684
160,58.11,0.684
161,58.11,0.684
162,58.11,0.684
163,58.11,0.684
164,58.11,0.684
165,58.11,0.684
166,58.11,0.684
167,58.11,0.684
168,58.11,0.684
169,58.11,0.684
170,58.11,0.684
171,58.11,0.684
172,58.11,0.684
173,58.11,0.684
174,58.11,0.684
175,58.11,0.684
176,58.11,0.684
177,58.11,0.684
178,58.11,0.684
179,58.11,0.684
180,58.11,0.684
181,58.11,0.684
182,58.11,0.684
183,58.11,0.684
184,58.11,0.684
185,58.11,0.684
186,58.11,0.684
187,58.11,0.684
188,58.11,0.684
189,58.11,0.684
190,58.11,0.684
191,58.11,0.684
192,58.11,0.684
193,58.11,0.684
194,58.11,0.684
195,58.11,0.684
196,58.11,0.684
197,58.11,0.684
198,58.11,0.684
199,58.11,0.684
200,58.11,0.684
201,58.11,0.684
202,58.11,0.684
203,58.11,0.684
204,58.11,0.684
205,58.11,0.684
206,58.11,0.684
207,58.11,0.684
208,58.11,0.684
209,58.11,0.684
210,58.11,0.684
211,58.11,0.684
212,58.11,0.684
213,58.11,0.684
214,58.11,0.684
215,58.11,0.684
216,58.11,0.684
217,58.11,0.684
218,58.11,0.684
219,58.11,0.684
220,58.11,0.684
221,58.11,0.684
222,58.11,0.684
223,58.11,0.684
224,58.11,0.684
225,58.11,0.684
226,58.11,0.684
227,58.11,0.684
228,58.11,0.684
229,58.11,0.684
230,58.11,0.684
231,58.11,0.684
232,58.11,0.684
233,58.11,0.684
234,58.11,0.684
235,58.11,0.684
236,58.11,0.684
237,58.11,0.684
238,58.11,0.684
239,58.11,0.684
240,58.11,0.684
241,58.11,0.684
242,58.11,0.684
243,58.11,0.684
244,58.11,0.684
245,58.11,0.684
246,58.11,0.684
247,58.11,0.684
248,58.11,0.684
249,58.11,0.684
250,58.11,0.684
251,58.11,0.684
252,58.11,0.684
253,58.11,0.684
254,58.11,0.684
255,58.11,0.684
256,58.11,0.684
257,58.11,0.684
258,58.11,0.684
259,58.11,0.684
260,58.11,0.684
261,58.11,0.684
262,58.11,0.684
263,58.11,0.684
264,58.11,0.684
265,58.11,0.684
266,58.11,0.684
267,58.11,0.684
268,58.11,0.684
269,58.11,0.684
270,58.11,0.684
271,58.11,0.684
272,58.11,0.684
273,58.11,0.684
274,58.11,0.684
275,58.11,0.684
276,58.11,0.684
277,58.11,0.684
278,58.11,0.684
279,58.11,0.684
280,58.11,0.684
281,58.11,0.684
282,58.11,0.684
283,58.11,0.684
284,58.11,0.684
285,58.11,0.684
286,58.11,0.684
287,58.11,0.684
288,58.11,0.684
289,58.11,0.684
290,58.11,0.684
291,58.11,0.684
292,58.11,0.684
293,58.11,0.684
294,58.11,0.684
295,58.11,0.684
296,58.11,0.684
297,58.11,0.684
298,58.11,0.684
299,58.11,0.684
300,58.11,0.684
301,58.11,0.684
302,58.11,0.684
303,58.11,0.684
304,58.11,0.684
305,58.11,0.684
306,58.11,0.684
307,58.11,0.684
308,58.11,0.684
309,58.11,0.684
310,58.11,0.684
311,58.11,0.684
312,58.11,0.684
313,58.11,0.684
314,58.11,0.684
315,58.11,0.684
316,58.11,0.684
317,58.11,0.684
318,58.11,0.684
319,58.11,0.684
320,58.11,0.684
321,58.11,0.684
322,58.11,0.684
323,58.11,0.684
324,58.11,0.684
325,58.11,0.684
326,58.11,0.684
327,58.11,0.684
328,58.11,0.684
329,58.11,0.684
330,58.11,0.684
331,58.11,0.684
332,58.11,0.684
333,58.11,0.684
334,58.11,0.684
335,58.11,0.684
336,58.11,0.684
337,58.11,0.684
338,58.11,0.684
339,58.11,0.684
340,58.11,0.684
341,58.11,0.684
342,58.11,0.684
343,58.11,0.684
344,58.11,0.684
345,58.11,0.684
346,58.11,0.684
347,58.11,0.684
348,58.11,0.684
349,58.11,0.684
350,58.11,0.684
351,58.11,0.684
352,58.11,0.684
353,58.11,0.684
354,58.11,0.684
355,58.11,0.684
356,58.11,0.684
357,58.11,0.684
358,58.11,0.684
359,58.11,0.684
360,58.11,0.684
361,58.11,0.684
362,58.11,0.684
363,58.11,0.684
364,58.11,0.684
365,58.11,0.684
366,58.11,0.684
367,58.11,0.684
368,58.11,0.684
369,58.11,0.684
370,58.11,0.684
371,58.11,0.684
372,58.11,0.684
373,58.11,0.684
374,58.11,0.684
375,58.11,0.684
376,58.11,0.684
377,58.11,0.684
378,58.11,0.684
379,58.11,0.684
380,58.11,0.684
381,58.11,0.684
382,58.11,0.684
383,58.11,0.684
384,58.11,0.684
385,58.11,0.684
386,58.11,0.684
387,58.11,0.684
388,58.11,0.684
389,58.11,0.684
390,58.11,0.684
391,58.11,0.684
392,58.11,0.684
393,58.11,0.684
394,58.11,0.684
395,58.11,0.684
396,58.11,0.684
397,58.11,0.684
398,58.11,0.684
399,58.11,0.684
400,58.11,0.684
401,58.11,0.684
402,58.11,0.684
403,58.11,0.684
404,58.11,0.684
405,58.11,0.684
406,58.11,0.684
407,58.11,0.684
408,58.11,0.684
409,58.11,0.684
410,58.11,0.684
411,58.11,0.684
412,58.11,0.684
413,58.11,0.684
414,58.11,0.684
415,58.11,0.684
416,58.11,0.684
417,58.11,0.684
418,58.11,0.684
419,58.11,0.684
420,58.11,0.684
421,58.11,0.684
422,58.11,0.684
423,58.11,0.684
424,58.11,0.684
425,58.11,0.684
426,58.11,0.684
427,58.11,0.684
428,58.11,0.684
429,58.11,0.684
430,58.11,0.684
431,58.11,0.684
432,58.11,0.684
433,58.11,0.684
434,58.11,0.684
435,58.11,0.684
436,58.11,0.684
437,58.11,0.684
438,58.11,0.684
439,58.11,0.684
440,58.11,0.684
441,58.11,0.684
442,58.11,0.684
443,58.11,0.684
444,58.11,0.684
445,58.11,0.684
446,58.11,0.684
447,58.11,0.684
448,58.11,0.684
449,58.11,0.684
450,58.11,0.684
451,58.11,0.684
452,58.11,0.684
453,58.11,0.684
454,58.11,0.684
455,58.11,0.684
456,58.11,0.684
457,58.11,0.684
458,58.11,0.684
459,58.11,0.684
460,58.11,0.684
461,58.11,0.684
462,58.11,0.684
463,58.11,0.684
464,58.11,0.684
465,58.11,0.684
466,58.11,0.684
467,58.11,0.684
468,58.11,0.684
469,58.11,0.684
470,58.11,0.684
471,58.11,0.684
472,58.11,0.684
473,58.11,0.684
474,58.11,0.684
475,58.11,0.684
476,58.11,0.684
477,58.11,0.684
478,58.11,0.684
479,58.11,0.684
480,58.11,0.684
481,58.11,0.684
482,58.11,0.684
483,58.11,0.684
484,58.11,0.684
485,58.11,0.684
486,58.11,0.684
487,58.11,0.684
488,58.11,0.684
489,58.11,0.684
490,58.11,0.684
491,58.11,0.684
492,58.11,0.684
493,58.11,0.684
494,58.11,0.684
495,58.11,0.684
496,58.11,0.684
497,58.11,0.684
498,58.11,0.684
499,58.11,0.684
500,58.11,0.684
501,58.11,0.684
502,58.11,0.684
503,58.11,0.684
504,58.11,0.684
505,58.11,0.684
506,58.11,0.684
507,58.11,0.684
508,58.11,0.684
509,58.11,0.684
510,58.11,0.684
511,58.11,0.684
512,58.11,0.684
513,58.11,0.684
514,58.11,0.684
515,58.11,0.684
516,58.11,0.684
517,58.11,0.684
518,58.11,0.684
519,58.11,0.684
520,58.11,0.684
521,58.11,0.684
522,58.11,0.684
523,58.11,0.684
524,58.11,0.684
525,58.11,0.684
526,58.11,0.684
527,58.11,0.684
528,58.11,0.684
529,58.11,0.684
530,58.11,0.684
531,58.11,0.684
532,58.11,0.684
533,58.11,0.684
534,58.11,0.684
535,58.11,0.684
536,58.11,0.684
537,58.11,0.684
538,58.11,0.684
539,58.11,0.684
540,58.11,0.684
541,58.11,0.684
542,58.11,0.684
543,58.11,0.684
544,58.11,0.684
545,58.11,0.684
546,58.11,0.684
547,58.11,0.684
548,58.11,0.684
549,58.11,0.684
550,58.11,0.684
551,58.11,0.684
552,58.11,0.684
553,58.11,0.684
554,58.11,0.684
555,58.11,0.684
556,58.11,0.684
557,58.11,0.684
558,58.11,0.684
559,58.11,0.684
560,58.11,0.684
561,58.11,0.684
562,58.11,0.684
563,58.11,0.684
564,58.11,0.684
565,58.11,0.684
566,58.11,0.684
567,58.11,0.684
568,58.11,0.684
569,58.11,0.684
570,58.11,0.684
571,58.11,0.684
572,58.11,0.684
573,58.11,0.684
574,58.11,0.684
575,58.11,0.684
576,58.11,0.684
577,58.11,0.684
578,58.11,0.684
579,58.11,0.684
580,58.11,0.684
581,58.11,0.684
582,58.11,0.684
583,58.11,0.684
584,58.11,0.684
585,58.11,0.684
586,58.11,0.684
587,58.11,0.684
588,58.11,0.684
589,58.11,0.684
590,58.11,0.684
591,58.11,0.684
592,58.11,0.684
593,58.11,0.684
594,58.11,0.684
595,58.11,0.684
596,58.11,0.684
597,58.11,0.684
598,58.11,0.684
599,58.11,0.684
600,58.11,0.684
601,58.11,0.684
602,58.11,0.684
603,58.11,0.684
604,58.11,0.684
605,58.11,0.684
606,58.11,0.684
607,58.11,0.684
608,58.11,0.684
609,58.11,0.684
610,58.11,0.684
611,58.11,0.684
612,58.11,0.684
613,58.11,0.684
614,58.11,0.684
615,58.11,0.684
616,58.11,0.684
617,58.11,0.684
618,58.11,0.684
619,58.11,0.684
620,58.11,0.684
621,58.11,0.684
622,58.11,0.684
623,58.11,0.684
624,58.11,0.684
625,58.11,0.684
626,58.11,0.684
627,58.11,0.684
628,58.11,0.684
629,58.11,0.684
630,58.11,0.684
631,58.11,0.684
632,58.11,0.684
633,58.11,0.684
634,58.11,0.684
635,58.11,0.684
636,58.11,0.684
637,58.11,0.684
638,58.11,0.684
639,58.11,0.684
640,58.11,0.684
641,58.11,0.684
642,58.11,0.684
643,58.11,0.684
644,58.11,0.684
645,58.11,0.684
646,58.11,0.684
647,58.11,0.684
648,58.11,0.684
649,58.11,0.684
650,58.11,0.684
651,58.11,0.684
652,58.11,0.684
653,58.11,0.684
654,58.11,0.684
655,58.11,0.684
656,58.11,0.684
657,58.11,0.684
658,58.11,0.684
659,58.11,0.684
660,58.11,0.684
661,58.11,0.684
662,58.11,0.684
663,58.11,0.684
664,58.11,0.684
665,58.11,0.684
666,58.11,0.684
667,58.11,0.684
668,58.11,0.684
669,58.11,0.684
670,58.11,0.684
671,58.11,0.684
672,58.11,0.684
673,58.11,0.684
674,58.11,0.684
675,58.11,0.684
676,58.11,0.684
677,58.11,0.684
678,58.11,0.684
679,58.11,0.684
680,58.11,0.684
681,58.11,0.684
682,58.11,0.684
683,58.11,0.684
684,58.11,0.684
685,58.11,0.684
686,58.11,0.684
687,58.11,0.684
688,58.11,0.684
689,58.11,0.684
690,58.11,0.684
691,58.11,0.684
692,58.11,0.684
693,58.11,0.684
694,58.11,0.684
695,58.11,0.684
696,58.11,0.684
697,58.11,0.684
698,58.11,0.684
699,58.11,0.684
700,58.11,0.684
701,58.11,0.684
702,58.11,0.684
703,58.11,0.684
704,58.11,0.684
705,58.11,0.684
706,58.11,0.684
707,58.11,0.684
708,58.11,0.684
709,58.11,0.684
710,58.11,0.684
711,58.11,0.684
712,58.11,0.684
713,58.11,0.684
714,58.11,0.684
715,58.11,0.684
716,58.11,0.684
717,58.11,0.684
718,58.11,0.684
719,58.11,0.684
720,58.11,0.684
721,58.11,0.684
722,58.11,0.684
723,58.11,0.684
724,58.11,0.684
725,58.11,0.684
726,58.11,0.684
727,58.11,0.684
728,58.11,0.684
729,58.11,0.684
730,58.11,0.684
731,58.11,0.684
732,58.11,0.684
733,58.11,0.684
734,58.11,0.684
735,58.11,0.684
736,58.11,0.684
737,58.11,0.684
738,58.11,0.684
739,58.11,0.684
740,58.11,0.684
741,58.11,0.684
742,58.11,0.684
743,58.11,0.684
744,58.11,0.684
745,58.11,0.684
746,58.11,0.684
747,58.11,0.684
748,58.11,0.684
749,58.11,0.684
750,58.11,0.684
751,58.11,0.684
752,58.11,0.684
753,58.11,0.684
754,58.11,0.684
755,58.11,0.684
756,58.11,0.684
757,58.11,0.684
758,58.11,0.684
759,58.11,0.684
760,58.11,0.684
761,58.11,0.684
762,58.11,0.684
763,58.11,0.684
764,58.11,0.684
765,58.11,0.684
766,58.11,0.684
767,58.11,0.684
768,58.11,0.684
769,58.11,0.684
770,58.11,0.684
771,58.11,0.684
772,58.11,0.684
773,58.11,0.684
774,58.11,0.684
775,58.11,0.684
776,58.11,0.684
777,58.11,0.684
778,58.11,0.684
779,58.11,0.684
780,58.11,0.684
781,58.11,0.684
782,58.11,0.684
783,58.11,0.684
784,58.11,0.684
785,58.11,0.684
786,58.11,0.684
787,58.11,0.684
788,58.11,0.684
789,58.11,0.684
790,58.11,0.684
791,58.11,0.684
792,58.11,0.684
793,58.11,0.684
794,58.11,0.684
795,58.11,0.684
796,58.11,0.684
797,58.11,0.684
798,58.11,0.684
799,58.11,0.684
800,58.11,0.684
801,58.11,0.684
802,58.11,0.684
803,58.11,0.684
804,58.11,0.684
805,58.11,0.684
806,58.11,0.684
807,58.11,0.684
808,58.11,0.684
809,58.11,0.684
810,58.11,0.684
811,58.11,0.684
812,58.11,0.684
813,58.11,0.684
814,58.11,0.684
815,58.11,0.684
816,58.11,0.684
817,58.11,0.684
818,58.11,0.684
819,58.11,0.684
820,58.11,0.684
821,58.11,0.684
822,58.11,0.684
823,58.11,0.684
824,58.11,0.684
825,58.11,0.684
826,58.11,0.684
827,58.11,0.684
828,58.11,0.684
829,58.11,0.684
830,58.11,0.684
831,58.11,0.684
832,58.11,0.684
833,58.11,0.684
834,58.11,0.684
835,58.11,0.684
836,58.11,0.684
837,58.11,0.684
838,58.11,0.684
839,58.11,0.684
840,58.11,0.684
841,58.11,0.684
842,58.11,0.684
843,58.11,0.684
844,58.11,0.684
845,58.11,0.684
846,58.11,0.684
847,58.11,0.684
848,58.11,0.684
849,58.11,0.684
850,58.11,0.684
851,58.11,0.684
852,58.11,0.684
853,58.11,0.684
854,58.11,0.684
855,58.11,0.684
856,58.11,0.684
857,58.11,0.684
858,58.11,0.684
859,58.11,0.684
860,58.11,0.684
861,58.11,0.684
862,58.11,0.684
863,58.11,0.684
864,58.11,0.684
865,58.11,0.684
866,58.11,0.684
867,58.11,0.684
868,58.11,0.684
869,58.11,0.684
870,58.11,0.684
871,58.11,0.684
872,58.11,0.684
873,58.11,0.684
874,58.11,0.684
875,58.11,0.684
876,58.11,0.684
877,58.11,0.684
878,58.11,0.684
879,58.11,0.684
880,58.11,0.684
881,58.11,0.684
882,58.11,0.684
883,58.11,0.684
884,58.11,0.684
885,58.11,0.684
886,58.11,0.684
887,58.11,0.684
888,58.11,0.684
889,58.11,0.684
890,58.11,0.684
891,58.11,0.684
892,58.11,0.684
893,58.11,0.684
894,58.11,0.684
895,58.11,0.684
896,58.11,0.684
897,58.11,0.684
898,58.11,0.684
899,58.11,0.684
900,58.11,0.684
901,58.11,0.684
902,58.11,0.684
903,58.11,0.684
904,58.11,0.684
905,58.11,0.684
906,58.11,0.684
907,58.11,0.684
908,58.11,0.684
909,58.11,0.684
910,58.11,0.684
911,58.11,0.684
912,58.11,0.684
913,58.11,0.684
914,58.11,0.684
915,58.11,0.684
916,58.11,0.684
917,58.11,0.684
918,58.11,0.684
919,58.11,0.684
920,58.11,0.684
921,58.11,0.684
922,58.11,0.684
923,58.11,0.684
924,58.11,0.684
925,58.11,0.684
926,58.11,0.684
927,58.11,0.684
928,58.11,0.684
929,58.11,0.684
930,58.11,0.684
931,58.11,0.684
932,58.11,0.684
933,58.11,0.684
934,58.11,0.684
935,58.11,0.684
936,58.11,0.684
937,58.11,0.684
938,58.11,0.684
939,58.11,0.684
940,58.11,0.684
941,58.11,0.684
942,58.11,0.684
943,58.11,0.684
944,58.11,0.684
945,58.11,0.684
946,58.11,0.684
947,58.11,0.684
948,58.11,0.684
949,58.11,0.684
950,58.11,0.684
951,58.11,0.684
952,58.11,0.684
953,58.11,0.684
954,58.11,0.684
955,58.11,0.684
956,58.11,0.684
957,58.11,0.684
958,58.11,0.684
959,58.11,0.684
960,58.11,0.684
961,58.11,0.684
962,58.11,0.684
963,58.11,0.684
964,58.11,0.684
965,58.11,0.684
966,58.11,0.684
967,58.11,0.684
968,58.11,0.684
969,58.11,0.684
970,58.11,0.684
971,58.11,0.684
972,58.11,0.684
973,58.11,0.684
974,58.11,0.684
975,58.11,0.684
976,58.11,0.684
977,58.11,0.684
978,58.11,0.684
979,58.11,0.684
980,58.11,0.684
981,58.11,0.684
982,58.11,0.684
983,58.11,0.684
984,58.11,0.684
985,58.11,0.684
986,58.11,0.684
987,58.11,0.684
988,58.11,0.684
989,58.11,0.684
990,58.11,0.684
991,58.11,0.684
992,58.11,0.684
993,58.11,0.684
994,58.11,0.684
995,58.11,0.684
996,58.11,0.684
997,58.11,0.684
998,58.11,0.684
999,58.11,0.684
1000,58.11,0.684
1001,58.11,0.684
1002,58.11,0.684
1003,58.11,0.684
1004,58.11,0.684
1005,58.11,0.684
1006,58.11,0.684
1007,58.11,0.684
1008,58.11,0.684
1009,58.11,0.684
1010,58.11,0.684
1011,58.11,0.684
1012,58.11,0.684
1013,58.11,0.684
1014,58.11,0.684
1015,58.11,0.684
1016,58.11,0.684
1017,58.11,0.684
1018,58.11,0.684
1019,58.11,0.684
1020,58.11,0.684
1021,58.11,0.684
1022,58.11,0.684
1023,58.11,0.684
1024,58.11,0.684
1025,58.11,0.684
1026,58.11,0.684
1027,58.11,0.684
1028,58.11,0.684
1029,58.11,0.684
1030,58.11,0.684
1031,58.11,0.684
1032,58.11,0.684
1033,58.11,0.684
1034,58.11,0.684
1035,58.11,0.684
1036,58.11,0.684
1037,58.11,0.684
1038,58.11,0.684
1039,58.11,0.684
1040,58.11,0.684
1041,58.11,0.684
1042,58.11,0.684
1043,58.11,0.684
1044,58.11,0.684
1045,58.11,0.684
1046,58.11,0.684
1047,58.11,0.684
1048,58.11,0.684
1049,58.11,0.684
1050,58.11,0.684
1051,58.11,0.684
1052,58.11,0.684
1053,58.11,0.684
1054,58.11,0.684
1055,58.11,0.684
1056,58.11,0.684
1057,58.11,0.684
1058,58.11,0.684
1059,58.11,0.684
1060,58.11,0.684
1061,58.11,0.684
1062,58.11,0.684
1063,58.11,0.684
1064,58.11,0.684
1065,58.11,0.684
1066,58.11,0.684
1067,58.11,0.684
1068,58.11,0.684
1069,58.11,0.684
1070,58.11,0.684
1071,58.11,0.684
1072,58.11,0.684
1073,58.11,0.684
1074,58.11,0.684
1075,58.11,0.684
1076,58.11,0.684
1077,58.11,0.684
1078,58.11,0.684
1079,58.11,0.684
1080,58.11,0.684
1081,58.11,0.684
1082,58.11,0.684
1083,58.11,0.684
1084,58.11,0.684
1085,58.11,0.684
1086,58.11,0.684
1087,58.11,0.684
1088,58.11,0.684
1089,58.11,0.684
1090,58.11,0.684
1091,58.11,0.684
1092,58.11,0.684
1093,58.11,0.684
1094,58.11,0.684
1095,58.11,0.684
1096,58.11,0.684
1097,58.11,0.684
1098,58.11,0.684
1099,58.11,0.684
1100,58.11,0.684
1101,58.11,0.684
1102,58.11,0.684
1103,58.11,0.684
1104,58.11,0.684
1105,58.11,0.684
1106,58.11,0.684
1107,58.11,0.684
1108,58.11,0.684
1109,58.11,0.684
1110,58.11,0.684
1111,58.11,0.684
1112,58.11,0.684
1113,58.11,0.684
1114,58.11,0.684
1115,58.11,0.684
1116,58.11,0.684
1117,58.11,0.684
1118,58.11,0.684
1119,58.11,0.684
1120,58.11,0.684
1121,58.11,0.684
1122,58.11,0.684
1123,58.11,0.684
1124,58.11,0.684
1125,58.11,0.684
1126,58.11,0.684
1127,58.11,0.684
1128,58.11,0.684
1129,58.11,0.684
1130,58.11,0.684
1131,58.11,0.684
1132,58.11,0.684
1133,58.11,0.684
1134,58.11,0.684
1135,58.11,0.684
1136,58.11,0.684
1137,58.11,0.684
1138,58.11,0.684
1139,58.11,0.684
1140,58.11,0.684
1141,58.11,0.684
1142,58.11,0.684
1143,58.11,0.684
1144,58.11,0.684
1145,58.11,0.684
1146,58.11,0.684
1147,58.11,0.684
1148,58.11,0.684
1149,58.11,0.684
1150,58.11,0.684
1151,58.11,0.684
1152,58.11,0.684
1153,58.11,0.684
1154,58.11,0.684
1155,58.11,0.684
1156,58.11,0.684
1157,58.11,0.684
1158,58.11,0.684
1159,58.11,0.684
1160,58.11,0.684
1161,58.11,0.684
1162,58.11,0.684
1163,58.11,0.684
1164,58.11,0.684
1165,58.11,0.684
1166,58.11,0.684
1167,58.11,0.684
1168,58.11,0.684
1169,58.11,0.684
1170,58.11,0.684
1171,58.11,0.684
1172,58.11,0.684
1173,58.11,0.684
1174,58.11,0.684
1175,58.11,0.684
1176,58.11,0.684
1177,58.11,0.684
1178,58.11,0.684
1179,58.11,0.684
1180,58.11,0.684
1181,58.11,0.684
1182,58.11,0.684
1183,58.11,0.684
1184,58.11,0.684
1185,58.11,0.684
1186,58.11,0.684
1187,58.11,0.684
1188,58.11,0.684
1189,58.11,0.684
1190,58.11,0.684
1191,58.11,0.684
1192,58.11,0.684
1193,58.11,0.684
1194,58.11,0.684
1195,58.11,0.684
1196,58.11,0.684
1197,58.11,0.684
1198,58.11,0.684
1199,58.11,0.684
1200,58.11,0.684
1201,58.11,0.684
1202,58.11,0.684
1203,58.11,0.684
1204,58.11,0.684
1205,58.11,0.684
1206,58.11,0.684
1207,58.11,0.684
1208,58.11,0.684
1209,58.11,0.684
1210,58.11,0.684
1211,58.11,0.684
1212,58.11,0.684
1213,58.11,0.684
1214,58.11,0.684
1215,58.11,0.684
1216,58.11,0.684
1217,58.11,0.684
1218,58.11,0.684
1219,58.11,0.684
1220,58.11,0.684
1221,58.11,0.684
1222,58.11,0.684
1223,58.11,0.684
1224,58.11,0.684
1225,58.11,0.684
1226,58.11,0.684
1227,58.11,0.684
1228,58.11,0.684
1229,58.11,0.684
1230,58.11,0.684
1231,58.11,0.684
1232,58.11,0.684
1233,58.11,0.684
1234,58.11,0.684
1235,58.11,0.684
1236,58.11,0.684
1237,58.11,0.684
1238,58.11,0.684
1239,58.11,0.684
1240,58.11,0.684
1241,58.11,0.684
1242,58.11,0.684
1243,58.11,0.684
1244,58.11,0.684
1245,58.11,0.684
1246,58.11,0.684
1247,58.11,0.684
1248,58.11,0.684
1249,58.11,0.684
1250,58.11,0.684
1251,58.11,0.684
1252,58.11,0.684
1253,58.11,0.684
1254,58.11,0.684
1255,58.11,0.684
1256,58.11,0.684
1257,58.11,0.684
1258,58.11,0.684
1259,58.11,0.684
1260,58.11,0.684
1261,58.11,0.684
1262,58.11,0.684
1263,58.11,0.684
1264,58.11,0.684
1265,58.11,0.684
1266,58.11,0.684
1267,58.11,0.684
1268,58.11,0.684
1269,58.11,0.684
1270,58.11,0.684
1271,58.11,0.684
1272,58.11,0.684
1273,58.11,0.684
1274,58.11,0.684
1275,58.11,0.684
1276,58.11,0.684
1277,58.11,0.684
1278,58.11,0.684
1279,58.11,0.684
1280,58.11,0.684
1281,58.11,0.684
1282,58.11,0.684
1283,58.11,0.684
1284,58.11,0.684
1285,58.11,0.684
1286,58.11,0.684
1287,58.11,0.684
1288,58.11,0.684
1289,58.11,0.684
1290,58.11,0.684
1291,58.11,0.684
1292,58.11,0.684
1293,58.11,0.684
1294,58.11,0.684
1295,58.11,0.684
1296,58.11,0.684
1297,58.11,0.684
1298,58.11,0.684
1299,58.11,0.684
1300,58.11,0.684
1301,58.11,0.684
1302,58.11,0.684
1303,58.11,0.684
1304,58.11,0.684
1305,58.11,0.684
1306,58.11,0.684
1307,58.11,0.684
1308,58.11,0.684
1309,58.11,0.684
1310,58.11,0.684
1311,58.11,0.684
1312,58.11,0.684
1313,58.11,0.684
1314,58.11,0.684
1315,58.11,0.684
1316,58.11,0.684
1317,58.11,0.684
1318,58.11,0.684
1319,58.11,0.684
1320,58.11,0.684
1321,58.11,0.684
1322,58.11,0.684
1323,58.11,0.684
1324,58.11,0.684
1325,58.11,0.684
1326,58.11,0.684
1327,58.11,0.684
1328,58.11,0.684
1329,58.11,0.684
1330,58.11,0.684
1331,58.11,0.684
1332,58.11,0.684
1333,58.11,0.684
1334,58.11,0.684
1335,58.11,0.684
1336,58.11,0.684
1337,58.11,0.684
1338,58.11,0.684
1339,58.11,0.684
1340,58.11,0.684
1341,58.11,0.684
1342,58.11,0.684
1343,58.11,0.684
1344,58.11,0.684
1345,58.11,0.684
1346,58.11,0.684
1347,58.11,0.684
1348,58.11,0.684
1349,58.11,0.684
1350,58.11,0.684
1351,58.11,0.684
1352,58.11,0.684
1353,58.11,0.684
1354,58.11,0.684
1355,58.11,0.684
1356,58.11,0.684
1357,58.11,0.684
1358,58.11,0.684
1359,58.11,0.684
1360,58.11,0.684
1361,58.11,0.684
1362,58.11,0.684
1363,58.11,0.684
1364,58.11,0.684
1365,58.11,0.684
1366,58.11,0.684
1367,58.11,0.684
1368,58.11,0.684
1369,58.11,0.684
1370,58.11,0.684
1371,58.11,0.684
1372,58.11,0.684
1373,58.11,0.684
1374,58.11,0.684
1375,58.11,0.684
1376,58.11,0.684
1377,58.11,0.684
1378,58.11,0.684
1379,58.11,0.684
1380,58.11,0.684
1381,58.11,0.684
1382,58.11,0.684
1383,58.11,0.684
1384,58.11,0.684
1385,58.11,0.684
1386,58.11,0.684
1387,58.11,0.684
1388,58.11,0.684
1389,58.11,0.684
1390,58.11,0.684
1391,58.11,0.684
1392,58.11,0.684
1393,58.11,0.684
1394,58.11,0.684
1395,58.11,0.684
1396,58.11,0.684
1397,58.11,0.684
1398,58.11,0.684
1399,58.11,0.684
1400,58.11,0.684
1401,58.11,0.684
1402,58.11,0.684
1403,58.11,0.684
1404,58.11,0.684
1405,58.11,0.684
1406,58.11,0.684
1407,58.11,0.684
1408,58.11,0.684
1409,58.11,0.684
1410,58.11,0.684
1411,58.11,0.684
1412,58.11,0.684
1413,58.11,0.684
1414,58.11,0.684
1415,58.11,0.684
1416,58.11,0.684
1417,58.11,0.684
1418,58.11,0.684
1419,58.11,0.684
1420,58.11,0.684
1421,58.11,0.684
1422,58.11,0.684
1423,58.11,0.684
1424,58.11,0.684
1425,58.11,0.684
1426,58.11,0.684
1427,58.11,0.684
1428,58.11,0.684
1429,58.11,0.684
1430,58.11,0.684
1431,58.11,0.684
1432,58.11,0.684
1433,58.11,0.684
1434,58.11,0.684
1435,58.11,0.684
1436,58.11,0.684
1437,58.11,0.684
1438,58.11,0.684
1439,58.11,0.684
1440,58.11,0.684
1441,58.11,0.684
1442,58.11,0.684
1443,58.11,0.684
1444,58.11,0.684
1445,58.11,0.684
1446,58.11,0.684
1447,58.11,0.684
1448,58.11,0.684
1449,58.11,0.684
1450,58.11,0.684
1451,58.11,0.684
1452,58.11,0.684
1453,58.11,0.684
1454,58.11,0.684
1455,58.11,0.684
1456,58.11,0.684
1457,58.11,0.684
1458,58.11,0.684
1459,58.11,0.684
1460,58.11,0.684
1461,58.11,0.684
1462,58.11,0.684
1463,58.11,0.684
1464,58.11,0.684
1465,58.11,0.684
1466,58.11,0.684
1467,58.11,0.684
1468,58.11,0.684
1469,58.11,0.684
1470,58.11,0.684
1471,58.11,0.684
1472,58.11,0.684
1473,58.11,0.684
1474,58.11,0.684
1475,58.11,0.684
1476,58.11,0.684
1477,58.11,0.684
1478,58.11,0.684
1479,58.11,0.684
1480,58.11,0.684
1481,58.11,0.684
1482,58.11,0.684
1483,58.11,0.684
1484,58.11,0.684
1485,58.11,0.684
1486,58.11,0.684
1487,58.11,0.684
1488,58.11,0.684
1489,58.11,0.684
1490,58.11,0.684
1491,58.11,0.684
1492,58.11,0.684
1493,58.11,0.684
1494,58.11,0.684
1495,58.11,0.684
1496,58.11,0.684
1497,58.11,0.684
1498,58.11,0.684
1499,58.11,0.684
1500,58.11,0.684
1501,58.11,0.684
1502,58.11,0.684
1503,58.11,0.684
1504,58.11,0.684
1505,58.11,0.684
1506,58.11,0.684
1507,58.11,0.684
1508,58.11,0.684
1509,58.11,0.684
1510,58.11,0.684
1511,58.11,0.684
1512,58.11,0.684
1513,58.11,0.684
1514,58.11,0.684
1515,58.11,0.684
1516,58.11,0.684
1517,58.11,0.684
1518,58.11,0.684
1519,58.11,0.684
1520,58.11,0.684
1521,58.11,0.684
1522,58.11,0.684
1523,58.11,0.684
1524,58.11,0.684
1525,58.11,0.684
1526,58.11,0.684
1527,58.11,0.684
1528,58.11,0.684
1529,58.11,0.684
1530,58.11,0.684
1531,58.11,0.684
1532,58.11,0.684
1533,58.11,0.684
1534,58.11,0.684
1535,58.11,0.684
1536,58.11,0.684
1537,58.11,0.684
1538,58.11,0.684
1539,58.11,0.684
1540,58.11,0.684
1541,58.11,0.684
1542,58.11,0.684
1543,58.11,0.684
1544,58.11,0.684
1545,58.11,0.684
1546,58.11,0.684
1547,58.11,0.684
1548,58.11,0.684
1549,58.11,0.684
1550,58.11,0.684
1551,58.11,0.684
1552,58.11,0.684
1553,58.11,0.684
1554,58.11,0.684
1555,58.11,0.684
1556,58.11,0.684
1557,58.11,0.684
1558,58.11,0.684
1559,58.11,0.684
1560,58.11,0.684
1561,58.11,0.684
1562,58.11,0.684
1563,58.11,0.684
1564,58.11,0.684
1565,58.11,0.684
1566,58.11,0.684
1567,58.11,0.684
1568,58.11,0.684
1569,58.11,0.684
1570,58.11,0.684
1571,58.11,0.684
1572,58.11,0.684
1573,58.11,0.684
1574,58.11,0.684
1575,58.11,0.684
1576,58.11,0.684
1577,58.11,0.684
1578,58.11,0.684
1579,58.11,0.684
1580,58.11,0.684
1581,58.11,0.684
1582,58.11,0.684
1583,58.11,0.684
1584,58.11,0.684
1585,58.11,0.684
1586,58.11,0.684
1587,58.11,0.684
1588,58.11,0.684
1589,58.11,0.684
1590,58.11,0.684
1591,58.11,0.684
1592,58.11,0.684
1593,58.11,0.684
1594,58.11,0.684
1595,58.11,0.684
1596,58.11,0.684
1597,58.11,0.684
1598,58.11,0.684
1599,58.11,0.684
1600,58.11,0.684
1601,58.11,0.684
1602,58.11,0.684
1603,58.11,0.684
1604,58.11,0.684
1605,58.11,0.684
1606,58.11,0.684
1607,58.11,0.684
1608,58.11,0.684
1609,58.11,0.684
1610,58.11,0.684
1611,58.11,0.684
1612,58.11,0.684
1613,58.11,0.684
1614,58.11,0.684
1615,58.11,0.684
1616,58.11,0.684
1617,58.11,0.684
1618,58.11,0.684
1619,58.11,0.684
1620,58.11,0.684
1621,58.11,0.684
1622,58.11,0.684
1623,58.11,0.684
1624,58.11,0.684
1625,58.11,0.684
1626,58.11,0.684
1627,58.11,0.684
1628,58.11,0.684
1629,58.11,0.684
1630,58.11,0.684
1631,58.11,0.684
1632,58.11,0.684
1633,58.11,0.684
1634,58.11,0.684
1635,58.11,0.684
1636,58.11,0.684
1637,58.11,0.684
1638,58.11,0.684
1639,58.11,0.684
1640,58.11,0.684
1641,58.11,0.684
1642,58.11,0.684
1643,58.11,0.684
1644,58.11,0.684
1645,58.11,0.684
1646,58.11,0.684
1647,58.11,0.684
1648,58.11,0.684
1649,58.11,0.684
1650,58.11,0.684
1651,58.11,0.684
1652,58.11,0.684
1653,58.11,0.684
1654,58.11,0.684
1655,58.11,0.684
1656,58.11,0.684
1657,58.11,0.684
1658,58.11,0.684
1659,58.11,0.684
1660,58.11,0.684
1661,58.11,0.684
1662,58.11,0.684
1663,58.11,0.684
1664,58.11,0.684
1665,58.11,0.684
1666,58.11,0.684
1667,58.11,0.684
1668,58.11,0.684
1669,58.11,0.684
1670,58.11,0.684
1671,58.11,0.684
1672,58.11,0.684
1673,58.11,0.684
1674,58.11,0.684
1675,58.11,0.684
1676,58.11,0.684
1677,58.11,0.684
1678,58.11,0.684
1679,58.11,0.684
1680,58.11,0.684
1681,58.11,0.684
1682,58.11,0.684
1683,58.11,0.684
1684,58.11,0.684
1685,58.11,0.684
1686,58.11,0.684
1687,58.11,0.684
1688,58.11,0.684
1689,58.11,0.684
1690,58.11,0.684
1691,58.11,0.684
1692,58.11,0.684
1693,58.11,0.684
1694,58.11,0.684
1695,58.11,0.684
1696,58.11,0.684
1697,58.11,0.684
1698,58.11,0.684
1699,58.11,0.684
1700,58.11,0.684
1701,58.11,0.684
1702,58.11,0.684
1703,58.11,0.684
1704,58.11,0.684
1705,58.11,0.684
1706,58.11,0.684
1707,58.11,0.684
1708,58.11,0.684
1709,58.11,0.684
1710,58.11,0.684
1711,58.11,0.684
1712,58.11,0.684
1713,58.11,0.684
1714,58.11,0.684
1715,58.11,0.684
1716,58.11,0.684
1717,58.11,0.684
1718,58.11,0.684
1719,58.11,0.684
1720,58.11,0.684
1721,58.11,0.684
1722,58.11,0.684
1723,58.11,0.684
1724,58.11,0.684
1725,58.11,0.684
1726,58.11,0.684
1727,58.11,0.684
1728,58.11,0.684
1729,58.11,0.684
1730,58.11,0.684
1731,58.11,0.684
1732,58.11,0.684
1733,58.11,0.684
1734,58.11,0.684
1735,58.11,0.684
1736,58.11,0.684
1737,58.11,0.684
1738,58.11,0.684
1739,58.11,0.684
1740,58.11,0.684
1741,58.11,0.684
1742,58.11,0.684
1743,58.11,0.684
1744,58.11,0.684
1745,58.11,0.684
1746,58.11,0.684
1747,58.11,0.684
1748,58.11,0.684
1749,58.11,0.684
1750,58.11,0.684
1751,58.11,0.684
1752,58.11,0.684
1753,58.11,0.684
1754,58.11,0.684
1755,58.11,0.684
1756,58.11,0.684
1757,58.11,0.684
1758,58.11,0.684
1759,58.11,0.684
1760,58.11,0.684
1761,58.11,0.684
1762,58.11,0.684
1763,58.11,0.684
1764,58.11,0.684
1765,58.11,0.684
1766,58.11,0.684
1767,58.11,0.684
1768,58.11,0.684
1769,58.11,0.684
1770,58.11,0.684
1771,58.11,0.684
1772,58.11,0.684
1773,58.11,0.684
1774,58.11,0.684
1775,58.11,0.684
1776,58.11,0.684
1777,58.11,0.684
1778,58.11,0.684
1779,58.11,0.684
1780,58.11,0.684
1781,58.11,0.684
1782,58.11,0.684
1783,58.11,0.684
1784,58.11,0.684
1785,58.11,0.684
1786,58.11,0.684
1787,58.11,0.684
1788,58.11,0.684
1789,58.11,0.684
1790,58.11,0.684
1791,58.11,0.684
1792,58.11,0.684
1793,58.11,0.684
1794,58.11,0.684
1795,58.11,0.684
1796,58.11,0.684
1797,58.11,0.684
1798,58.11,0.684
1799,58.11,0.684
1800,58.11,0.684
1801,58.11,0.684
1802,58.11,0.684
1803,58.11,0.684
1804,58.11,0.684
1805,58.11,0.684
1806,58.11,0.684
1807,58.11,0.684
1808,58.11,0.684
1809,58.11,0.684
1810,58.11,0.684
1811,58.11,0.684
1812,58.11,0.684
1813,58.11,0.684
1814,58.11,0.684
1815,58.11,0.684
1816,58.11,0.684
1817,58.11,0.684
1818,58.11,0.684
1819,58.11,0.684
1820,58.11,0.684
1821,58.11,0.684
1822,58.11,0.684
1823,58.11,0.684
1824,58.11,0.684
1825,58.11,0.684
1826,58.11,0.684
1827,58.11,0.684
1828,58.11,0.684
1829,58.11,0.684
1830,58.11,0.684
1831,58.11,0.684
1832,58.11,0.684
1833,58.11,0.684
1834,58.11,0.684
1835,58.11,0.684
1836,58.11,0.684
1837,58.11,0.684
1838,58.11,0.684
1839,58.11,0.684
1840,58.11,0.684
1841,58.11,0.684
1842,58.11,0.684
1843,58.11,0.684
1844,58.11,0.684
1845,58.11,0.684
1846,58.11,0.684
1847,58.11,0.684
1848,58.11,0.684
1849,58.11,0.684
1850,58.11,0.684
1851,58.11,0.684
1852,58.11,0.684
1853,58.11,0.684
1854,58.11,0.684
1855,58.11,0.684
1856,58.11,0.684
1857,58.11,0.684
1858,58.11,0.684
1859,58.11,0.684
1860,58.11,0.684
1861,58.11,0.684
1862,58.11,0.684
1863,58.11,0.684
1864,58.11,0.684
1865,58.11,0.684
1866,58.11,0.684
1867,58.11,0.684
1868,58.11,0.684
1869,58.11,0.684
1870,58.11,0.684
1871,58.11,0.684
1872,58.11,0.684
1873,58.11,0.684
1874,58.11,0.684
1875,58.11,0.684
1876,58.11,0.684
1877,58.11,0.684
1878,58.11,0.684
1879,58.11,0.684
1880,58.11,0.684
1881,58.11,0.684
1882,58.11,0.684
1883,58.11,0.684
1884,58.11,0.684
1885,58.11,0.684
1886,58.11,0.684
1887,58.11,0.684
1888,58.11,0.684
1889,58.11,0.684
1890,58.11,0.684
1891,58.11,0.684
1892,58.11,0.684
1893,58.11,0.684
1894,58.11,0.684
1895,58.11,0.684
1896,58.11,0.684
1897,58.11,0.684
1898,58.11,0.684
1899,58.11,0.684
1900,58.11,0.684
1901,58.11,0.684
1902,58.11,0.684
1903,58.11,0.684
1904,58.11,0.684
1905,58.11,0.684
1906,58.11,0.684
1907,58.11,0.684
1908,58.11,0.684
1909,58.11,0.684
1910,58.11,0.684
1911,58.11,0.684
1912,58.11,0.684
1913,58.11,0.684
1914,58.11,0.684
1915,58.11,0.684
1916,58.11,0.684
1917,58.11,0.684
1918,58.11,0.684
1919,58.11,0.684
1920,58.11,0.684
1921,58.11,0.684
1922,58.11,0.684
1923,58.11,0.684
1924,58.11,0.684
1925,58.11,0.684
1926,58.11,0.684
1927,58.11,0.684
1928,58.11,0.684
1929,58.11,0.684
1930,58.11,0.684
1931,58.11,0.684
1932,58.11,0.684
1933,58.11,0.684
1934,58.11,0.684
1935,58.11,0.684
1936,58.11,0.684
1937,58.11,0.684
1938,58.11,0.684
1939,58.11,0.684
1940,58.11,0.684
1941,58.11,0.684
1942,58.11,0.684
1943,58.11,0.684
1944,58.11,0.684
1945,58.11,0.684
1946,58.11,0.684
1947,58.11,0.684
1948,58.11,0.684
1949,58.11,0.684
1950,58.11,0.684
1951,58.11,0.684
1952,58.11,0.684
1953,58.11,0.684
1954,58.11,0.684
1955,58.11,0.684
1956,58.11,0.684
1957,58.11,0.684
1958,58.11,0.684
1959,58.11,0.684
1960,58.11,0.684
1961,58.11,0.684
1962,58.11,0.684
1963,58.11,0.684
1964,58.11,0.684
1965,58.11,0.684
1966,58.11,0.684
1967,58.11,0.684
1968,58.11,0.684
1969,58.11,0.684
1970,58.11,0.684
1971,58.11,0.684
1972,58.11,0.684
1973,58.11,0.684
1974,58.11,0.684
1975,58.11,0.684
1976,58.11,0.684
1977,58.11,0.684
1978,58.11,0.684
1979,58.11,0.684
1980,58.11,0.684
1981,58.11,0.684
1982,58.11,0.684
1983,58.11,0.684
1984,58.11,0.684
1985,58.11,0.684
1986,58.11,0.684
1987,58.11,0.684
1988,58.11,0.684
1989,58.11,0.684
1990,58.11,0.684
1991,58.11,0.684
1992,58.11,0.684
1993,58.11,0.684
1994,58.11,0.684
1995,58.11,0.684
1996,58.11,0.684
1997,58.11,0.684
1998,58.11,0.684
1999,58.11,0.684
2000,58.11,0.684
2001,58.11,0.684
2002,58.11,0.684
2003,58.11,0.684
2004,58.11,0.684
2005,58.11,0.684
2006,58.11,0.684
2007,58.11,0.684
2008,58.11,0.684
2009,58.11,0.684
2010,58.11,0.684
2011,58.11,0.684
2012,58.11,0.684
2013,58.11,0.684
2014,58.11,0.684
2015,58.11,0.684
2016,58.11,0.684
2017,58.11,0.684
2018,58.11,0.684
2019,58.11,0.684
2020,58.11,0.684
2021,58.11,0.684
2022,58.11,0.684
2023,58.11,0.684
2024,58.11,0.684
2025,58.11,0.684
2026,58.11,0.684
2027,58.11,0.684
2028,58.11,0.684
2029,58.11,0.684
2030,58.11,0.684
2031,58.11,0.684
2032,58.11,0.684
2033,58.11,0.684
2034,58.11,0.684
2035,58.11,0.684
2036,58.11,0.684
2037,58.11,0.684
2038,58.11,0.684
2039,58.11,0.684
2040,58.11,0.684
2041,58.11,0.684
2042,58.11,0.684
2043,58.11,0.684
2044,58.11,0.684
2045,58.11,0.684
2046,58.11,0.684
2047,58.11,0.684
2048,58.11,0.684
2049,58.11,0.684
2050,58.11,0.684
2051,58.11,0.684
2052,58.11,0.684
2053,58.11,0.684
2054,58.11,0.684
2055,58.11,0.684
2056,58.11,0.684
2057,58.11,0.684
2058,58.11,0.684
2059,58.11,0.684
2060,58.11,0.684
2061,58.11,0.684
2062,58.11,0.684
2063,58.11,0.684
2064,58.11,0.684
2065,58.11,0.684
2066,58.11,0.684
2067,58.11,0.684
2068,58.11,0.684
2069,58.11,0.684
2070,58.11,0.684
2071,58.11,0.684
2072,58.11,0.684
2073,58.11,0.684
2074,58.11,0.684
2075,58.11,0.684
2076,58.11,0.684
2077,58.11,0.684
2078,58.11,0.684
2079,58.11,0.684
2080,58.11,0.684
2081,58.11,0.684
2082,58.11,0.684
2083,58.11,0.684
2084,58.11,0.684
2085,58.11,0.684
2086,58.11,0.684
2087,58.11,0.684
2088,58.11,0.684
2089,58.11,0.684
2090,58.11,0.684
2091,58.11,0.684
2092,58.11,0.684
2093,58.11,0.684
2094,58.11,0.684
2095,58.11,0.684
2096,58.11,0.684
2097,58.11,0.684
2098,58.11,0.684
2099,58.11,0.684
2100,58.11,0.684
2101,58.11,0.684
2102,58.11,0.684
2103,58.11,0.684
2104,58.11,0.684
2105,58.11,0.684
2106,58.11,0.684
2107,58.11,0.684
2108,58.11,0.684
2109,58.11,0.684
2110,58.11,0.684
2111,58.11,0.684
2112,58.11,0.684
2113,58.11,0.684
2114,58.11,0.684
2115,58.11,0.684
2116,58.11,0.684
2117,58.11,0.684
2118,58.11,0.684
2119,58.11,0.684
2120,58.11,0.684
2121,58.11,0.684
2122,58.11,0.684
2123,58.11,0.684
2124,58.11,0.684
2125,58.11,0.684
2126,58.11,0.684
2127,58.11,0.684
2128,58.11,0.684
2129,58.11,0.684
2130,58.11,0.684
2131,58.11,0.684
2132,58.11,0.684
2133,58.11,0.684
2134,58.11,0.684
2135,58.11,0.684
2136,58.11,0.684
2137,58.11,0.684
2138,58.11,0.684
2139,58.11,0.684
2140,58.11,0.684
2141,58.11,0.684
2142,58.11,0.684
2143,58.11,0.684
2144,58.11,0.684
2145,58.11,0.684
2146,58.11,0.684
2147,58.11,0.684
2148,58.11,0.684
2149,58.11,0.684
2150,58.11,0.684
2151,58.11,0.684
2152,58.11,0.684
2153,58.11,0.684
2154,58.11,0.684
2155,58.11,0.684
2156,58.11,0.684
2157,58.11,0.684
2158,58.11,0.684
2159,58.11,0.684
2160,58.11,0.684
2161,58.11,0.684
2162,58.11,0.684
2163,58.11,0.684
2164,58.11,0.684
2165,58.11,0.684
2166,58.11,0.684
2167,58.11,0.684
2168,58.11,0.684
2169,58.11,0.684
2170,58.11,0.684
2171,58.11,0.684
2172,58.11,0.684
2173,58.11,0.684
2174,58.11,0.684
2175,58.11,0.684
2176,58.11,0.684
2177,58.11,0.684
2178,58.11,0.684
2179,58.11,0.684
2180,58.11,0.684
2181,58.11,0.684
2182,58.11,0.684
2183,58.11,0.684
2184,58.11,0.684
2185,58.11,0.684
2186,58.11,0.684
2187,58.11,0.684
2188,58.11,0.684
2189,58.11,0.684
2190,58.11,0.684
2191,58.11,0.684
2192,58.11,0.684
2193,58.11,0.684
2194,58.11,0.684
2195,58.11,0.684
2196,58.11,0.684
2197,58.11,0.684
2198,58.11,0.684
2199,58.11,0.684
2200,58.11,0.684
2201,58.11,0.684
2202,58.11,0.684
2203,58.11,0.684
2204,58.11,0.684
2205,58.11,0.684
2206,58.11,0.684
2207,58.11,0.684
2208,58.11,0.684
2209,58.11,0.684
2210,58.11,0.684
2211,58.11,0.684
2212,58.11,0.684
2213,58.11,0.684
2214,58.11,0.684
2215,58.11,0.684
2216,58.11,0.684
2217,58.11,0.684
2218,58.11,0.684
2219,58.11,0.684
2220,58.11,0.684
2221,58.11,0.684
2222,58.11,0.684
2223,58.11,0.684
2224,58.11,0.684
2225,58.11,0.684
2226,58.11,0.684
2227,58.11,0.684
2228,58.11,0.684
2229,58.11,0.684
2230,58.11,0.684
2231,58.11,0.684
2232,58.11,0.684
2233,58.11,0.684
2234,58.11,0.684
2235,58.11,0.684
2236,58.11,0.684
2237,58.11,0.684
2238,58.11,0.684
2239,58.11,0.684
2240,58.11,0.684
2241,58.11,0.684
2242,58.11,0.684
2243,58.11,0.684
2244,58.11,0.684
2245,58.11,0.684
2246,58.11,0.684
2247,58.11,0.684
2248,58.11,0.684
2249,58.11,0.684
2250,58.11,0.684
2251,58.11,0.684
2252,58.11,0.684
2253,58.11,0.684
2254,58.11,0.684
2255,58.11,0.684
2256,58.11,0.684
2257,58.11,0.684
2258,58.11,0.684
2259,58.11,0.684
2260,58.11,0.684
2261,58.11,0.684
2262,58.11,0.684
2263,58.11,0.684
2264,58.11,0.684
2265,58.11,0.684
2266,58.11,0.684
2267,58.11,0.684
2268,58.11,0.684
2269,58.11,0.684
2270,58.11,0.684
2271,58.11,0.684
2272,58.11,0.684
2273,58.11,0.684
2274,58.11,0.684
2275,58.11,0.684
2276,58.11,0.684
2277,58.11,0.684
2278,58.11,0.684
2279,58.11,0.684
2280,58.11,0.684
2281,58.11,0.684
2282,58.11,0.684
2283,58.11,0.684
2284,58.11,0.684
2285,58.11,0.684
2286,58.11,0.684
2287,58.11,0.684
2288,58.11,0.684
2289,58.11,0.684
2290,58.11,0.684
2291,58.11,0.684
2292,58.11,0.684
2293,58.11,0.684
2294,58.11,0.684
2295,58.11,0.684
2296,58.11,0.684
2297,58.11,0.684
2298,58.11,0.684
2299,58.11,0.684
2300,58.11,0.684
2301,58.11,0.684
2302,58.11,0.684
2303,58.11,0.684
2304,58.11,0.684
2305,58.11,0.684
2306,58.11,0.684
2307,58.11,0.684
2308,58.11,0.684
2309,58.11,0.684
2310,58.11,0.684
2311,58.11,0.684
2312,58.11,0.684
2313,58.11,0.684
2314,58.11,0.684
2315,58.11,0.684
2316,58.11,0.684
2317,58.11,0.684
2318,58.11,0.684
2319,58.11,0.684
2320,58.11,0.684
2321,58.11,0.684
2322,58.11,0.684
2323,58.11,0.684
2324,58.11,0.684
2325,58.11,0.684
2326,58.11,0.684
2327,58.11,0.684
2328,58.11,0.684
2329,58.11,0.684
2330,58.11,0.684
2331,58.11,0.684
2332,58.11,0.684
2333,58.11,0.684
2334,58.11,0.684
2335,58.11,0.684
2336,58.11,0.684
2337,58.11,0.684
2338,58.11,0.684
2339,58.11,0.684
2340,58.11,0.684
2341,58.11,0.684
2342,58.11,0.684
2343,58.11,0.684
2344,58.11,0.684
2345,58.11,0.684
2346,58.11,0.684
2347,58.11,0.684
2348,58.11,0.684
2349,58.11,0.684
2350,58.11,0.684
2351,58.11,0.684
2352,58.11,0.684
2353,58.11,0.684
2354,58.11,0.684
2355,58.11,0.684
2356,58.11,0.684
2357,58.11,0.684
2358,58.11,0.684
2359,58.11,0.684
2360,58.11,0.684
2361,58.11,0.684
2362,58.11,0.684
2363,58.11,0.684
2364,58.11,0.684
2365,58.11,0.684
2366,58.11,0.684
2367,58.11,0.684
2368,58.11,0.684
2369,58.11,0.684
2370,58.11,0.684
2371,58.11,0.684
2372,58.11,0.684
2373,58.11,0.684
2374,58.11,0.684
2375,58.11,0.684
2376,58.11,0.684
2377,58.11,0.684
2378,58.11,0.684
2379,58.11,0.684
2380,58.11,0.684
2381,58.11,0.684
2382,58.11,0.684
2383,58.11,0.684
2384,58.11,0.684
2385,58.11,0.684
2386,58.11,0.684
2387,58.11,0.684
2388,58.11,0.684
2389,58.11,0.684
2390,58.11,0.684
2391,58.11,0.684
2392,58.11,0.684
2393,58.11,0.684
2394,58.11,0.684
2395,58.11,0.684
2396,58.11,0.684
2397,58.11,0.684
2398,58.11,0.684
2399,58.11,0.684
2400,58.11,0.684
2401,58.11,0.684
2402,58.11,0.684
2403,58.11,0.684
2404,58.11,0.684
2405,58.11,0.684
2406,58.11,0.684
2407,58.11,0.684
2408,58.11,0.684
2409,58.11,0.684
2410,58.11,0.684
2411,58.11,0.684
2412,58.11,0.684
2413,58.11,0.684
2414,58.11,0.684
2415,58.11,0.684
2416,58.11,0.684
2417,58.11,0.684
2418,58.11,0.684
2419,58.11,0.684
2420,58.11,0.684
2421,58.11,0.684
2422,58.11,0.684
2423,58.11,0.684
2424,58.11,0.684
2425,58.11,0.684
2426,58.11,0.684
2427,58.11,0.684
2428,58.11,0.684
2429,58.11,0.684
2430,58.11,0.684
2431,58.11,0.684
2432,58.11,0.684
2433,58.11,0.684
2434,58.11,0.684
2435,58.11,0.684
2436,58.11,0.684
2437,58.11,0.684
2438,58.11,0.684
2439,58.11,0.684
2440,58.11,0.684
2441,58.11,0.684
2442,58.11,0.684
2443,58.11,0.684
2444,58.11,0.684
2445,58.11,0.684
2446,58.11,0.684
2447,58.11,0.684
2448,58.11,0.684
2449,58.11,0.684
2450,58.11,0.684
2451,58.11,0.684
2452,58.11,0.684
2453,58.11,0.684
2454,58.11,0.684
2455,58.11,0.684
2456,58.11,0.684
2457,58.11,0.684
2458,58.11,0.684
2459,58.11,0.684
2460,58.11,0.684
2461,58.11,0.684
2462,58.11,0.684
2463,58.11,0.684
2464,58.11,0.684
2465,58.11,0.684
2466,58.11,0.684
2467,58.11,0.684
2468,58.11,0.684
2469,58.11,0.684
2470,58.11,0.684
2471,58.11,0.684
2472,58.11,0.684
2473,58.11,0.684
2474,58.11,0.684
2475,58.11,0.684
2476,58.11,0.684
2477,58.11,0.684
2478,58.11,0.684
2479,58.11,0.684
2480,58.11,0.684
2481,58.11,0.684
2482,58.11,0.684
2483,58.11,0.684
2484,58.11,0.684
2485,58.11,0.684
2486,58.11,0.684
2487,58.11,0.684
2488,58.11,0.684
2489,58.11,0.684
2490,58.11,0.684
2491,58.11,0.684
2492,58.11,0.684
2493,58.11,0.684
2494,58.11,0.684
2495,58.11,0.684
2496,58.11,0.684
2497,58.11,0.684
2498,58.11,0.684
2499,58.11,0.684
2500,58.11,0.684
2501,58.11,0.684
2502,58.11,0.684
2503,58.11,0.684
2504,58.11,0.684
2505,58.11,0.684
2506,58.11,0.684
2507,58.11,0.684
2508,58.11,0.684
2509,58.11,0.684
2510,58.11,0.684
2511,58.11,0.684
2512,58.11,0.684
2513,58.11,0.684
2514,58.11,0.684
2515,58.11,0.684
2516,58.11,0.684
2517,58.11,0.684
2518,58.11,0.684
2519,58.11,0.684
2520,58.11,0.684
2521,58.11,0.684
2522,58.11,0.684
2523,58.11,0.684
2524,58.11,0.684
2525,58.11,0.684
2526,58.11,0.684
2527,58.11,0.684
2528,58.11,0.684
2529,58.11,0.684
2530,58.11,0.684
2531,58.11,0.684
2532,58.11,0.684
2533,58.11,0.684
2534,58.11,0.684
2535,58.11,0.684
2536,58.11,0.684
2537,58.11,0.684
2538,58.11,0.684
2539,58.11,0.684
2540,58.11,0.684
2541,58.11,0.684
2542,58.11,0.684
2543,58.11,0.684
2544,58.11,0.684
2545,58.11,0.684
2546,58.11,0.684
2547,58.11,0.684
2548,58.11,0.684
2549,58.11,0.684
2550,58.11,0.684
2551,58.11,0.684
2552,58.11,0.684
2553,58.11,0.684
2554,58.11,0.684
2555,58.11,0.684
2556,58.11,0.684
2557,58.11,0.684
2558,58.11,0.684
2559,58.11,0.684
2560,58.11,0.684
2561,58.11,0.684
2562,58.11,0.684
2563,58.11,0.684
2564,58.11,0.684
2565,58.11,0.684
2566,58.11,0.684
2567,58.11,0.684
2568,58.11,0.684
2569,58.11,0.684
2570,58.11,0.684
2571,58.11,0.684
2572,58.11,0.684
2573,58.11,0.684
2574,58.11,0.684
2575,58.11,0.684
2576,58.11,0.684
2577,58.11,0.684
2578,58.11,0.684
2579,58.11,0.684
2580,58.11,0.684
2581,58.11,0.684
2582,58.11,0.684
2583,58.11,0.684
2584,58.11,0.684
2585,58.11,0.684
2586,58.11,0.684
2587,58.11,0.684
2588,58.11,0.684
2589,58.11,0.684
2590,58.11,0.684
2591,58.11,0.684
2592,58.11,0.684
2593,58.11,0.684
2594,58.11,0.684
2595,58.11,0.684
2596,58.11,0.684
2597,58.11,0.684
2598,58.11,0.684
2599,58.11,0.684
2600,58.11,0.684
2601,58.11,0.684
2602,58.11,0.684
2603,58.11,0.684
2604,58.11,0.684
2605,58.11,0.684
2606,58.11,0.684
2607,58.11,0.684
2608,58.11,0.684
2609,58.11,0.684
2610,58.11,0.684
2611,58.11,0.684
2612,58.11,0.684
2613,58.11,0.684
2614,58.11,0.684
2615,58.11,0.684
2616,58.11,0.684
2617,58.11,0.684
2618,58.11,0.684
2619,58.11,0.684
2620,58.11,0.684
2621,58.11,0.684
2622,58.11,0.684
2623,58.11,0.684
2624,58.11,0.684
2625,58.11,0.684
2626,58.11,0.684
2627,58.11,0.684
2628,58.11,0.684
2629,58.11,0.684
2630,58.11,0.684
2631,58.11,0.684
2632,58.11,0.684
2633,58.11,0.684
2634,58.11,0.684
2635,58.11,0.684
2636,58.11,0.684
2637,58.11,0.684
2638,58.11,0.684
2639,58.11,0.684
2640,58.11,0.684
2641,58.11,0.684
2642,58.11,0.684
2643,58.11,0.684
2644,58.11,0.684
2645,58.11,0.684
2646,58.11,0.684
2647,58.11,0.684
2648,58.11,0.684
2649,58.11,0.684
2650,58.11,0.684
2651,58.11,0.684
2652,58.11,0.684
2653,58.11,0.684
2654,58.11,0.684
2655,58.11,0.684
2656,58.11,0.684
2657,58.11,0.684
2658,58.11,0.684
2659,58.11,0.684
2660,58.11,0.684
2661,58.11,0.684
2662,58.11,0.684
2663,58.11,0.684
2664,58.11,0.684
2665,58.11,0.684
2666,58.11,0.684
2667,58.11,0.684
2668,58.11,0.684
2669,58.11,0.684
2670,58.11,0.684
2671,58.11,0.684
2672,58.11,0.684
2673,58.11,0.684
2674,58.11,0.684
2675,58.11,0.684
2676,58.11,0.684
2677,58.11,0.684
2678,58.11,0.684
2679,58.11,0.684
2680,58.11,0.684
2681,58.11,0.684
2682,58.11,0.684
2683,58.11,0.684
2684,58.11,0.684
2685,58.11,0.684
2686,58.11,0.684
2687,58.11,0.684
2688,58.11,0.684
2689,58.11,0.684
2690,58.11,0.684
2691,58.11,0.684
2692,58.11,0.684
2693,58.11,0.684
2694,58.11,0.684
2695,58.11,0.684
2696,58.11,0.684
2697,58.11,0.684
2698,58.11,0.684
2699,58.11,0.684
2700,58.11,0.684
2701,58.11,0.684
2702,58.11,0.684
2703,58.11,0.684
2704,58.11,0.684
2705,58.11,0.684
2706,58.11,0.684
2707,58.11,0.684
2708,58.11,0.684
2709,58.11,0.684
2710,58.11,0.684
2711,58.11,0.684
2712,58.11,0.684
2713,58.11,0.684
2714,58.11,0.684
2715,58.11,0.684
2716,58.11,0.684
2717,58.11,0.684
2718,58.11,0.684
2719,58.11,0.684
2720,58.11,0.684
2721,58.11,0.684
2722,58.11,0.684
2723,58.11,0.684
2724,58.11,0.684
2725,58.11,0.684
2726,58.11,0.684
2727,58.11,0.684
2728,58.11,0.684
2729,58.11,0.684
2730,58.11,0.684
2731,58.11,0.684
2732,58.11,0.684
2733,58.11,0.684
2734,58.11,0.684
2735,58.11,0.684
2736,58.11,0.684
2737,58.11,0.684
2738,58.11,0.684
2739,58.11,0.684
2740,58.11,0.684
2741,58.11,0.684
2742,58.11,0.684
2743,58.11,0.684
2744,58.11,0.684
2745,58.11,0.684
2746,58.11,0.684
2747,58.11,0.684
2748,58.11,0.684
2749,58.11,0.684
2750,58.11,0.684
2751,58.11,0.684
2752,58.11,0.684
2753,58.11,0.684
2754,58.11,0.684
2755,58.11,0.684
2756,58.11,0.684
2757,58.11,0.684
2758,58.11,0.684
2759,58.11,0.684
2760,58.11,0.684
2761,58.11,0.684
2762,58.11,0.684
2763,58.11,0.684
2764,58.11,0.684
2765,58.11,0.684
2766,58.11,0.684
2767,58.11,0.684
2768,58.11,0.684
2769,58.11,0.684
2770,58.11,0.684
2771,58.11,0.684
2772,58.11,0.684
2773,58.11,0.684
2774,58.11,0.684
2775,58.11,0.684
2776,58.11,0.684
2777,58.11,0.684
2778,58.11,0.684
2779,58.11,0.684
2780,58.11,0.684
2781,58.11,0.684
2782,58.11,0.684
2783,58.11,0.684
2784,58.11,0.684
2785,58.11,0.684
2786,58.11,0.684
2787,58.11,0.684
2788,58.11,0.684
2789,58.11,0.684
2790,58.11,0.684
2791,58.11,0.684
2792,58.11,0.684
2793,58.11,0.684
2794,58.11,0.684
2795,58.11,0.684
2796,58.11,0.684
2797,58.11,0.684
2798,58.11,0.684
2799,58.11,0.684
2800,58.11,0.684
2801,58.11,0.684
2802,58.11,0.684
2803,58.11,0.684
2804,58.11,0.684
2805,58.11,0.684
2806,58.11,0.684
2807,58.11,0.684
2808,58.11,0.684
2809,58.11,0.684
2810,58.11,0.684
2811,58.11,0.684
2812,58.11,0.684
2813,58.11,0.684
2814,58.11,0.684
2815,58.11,0.684
2816,58.11,0.684
2817,58.11,0.684
2818,58.11,0.684
2819,58.11,0.684
2820,58.11,0.684
2821,58.11,0.684
2822,58.11,0.684
2823,58.11,0.684
2824,58.11,0.684
2825,58.11,0.684
2826,58.11,0.684
2827,58.11,0.684
2828,58.11,0.684
2829,58.11,0.684
2830,58.11,0.684
2831,58.11,0.684
2832,58.11,0.684
2833,58.11,0.684
2834,58.11,0.684
2835,58.11,0.684
2836,58.11,0.684
2837,58.11,0.684
2838,58.11,0.684
2839,58.11,0.684
2840,58.11,0.684
2841,58.11,0.684
2842,58.11,0.684
2843,58.11,0.684
2844,58.11,0.684
2845,58.11,0.684
2846,58.11,0.684
2847,58.11,0.684
2848,58.11,0.684
2849,58.11,0.684
2850,58.11,0.684
2851,58.11,0.684
2852,58.11,0.684
2853,58.11,0.684
2854,58.11,0.684
2855,58.11,0.684
2856,58.11,0.684
2857,58.11,0.684
2858,58.11,0.684
2859,58.11,0.684
2860,58.11,0.684
2861,58.11,0.684
2862,58.11,0.684
2863,58.11,0.684
2864,58.11,0.684
2865,58.11,0.684
2866,58.11,0.684
2867,58.11,0.684
2868,58.11,0.684
2869,58.11,0.684
2870,58.11,0.684
2871,58.11,0.684
2872,58.11,0.684
2873,58.11,0.684
2874,58.11,0.684
2875,58.11,0.684
2876,58.11,0.684
2877,58.11,0.684
2878,58.11,0.684
2879,58.11,0.684
2880,58.11,0.684
2881,58.11,0.684
2882,58.11,0.684
2883,58.11,0.684
2884,58.11,0.684
2885,58.11,0.684
2886,58.11,0.684
2887,58.11,0.684
2888,58.11,0.684
2889,58.11,0.684
2890,58.11,0.684
2891,58.11,0.684
2892,58.11,0.684
2893,58.11,0.684
2894,58.11,0.684
2895,58.11,0.684
2896,58.11,0.684
2897,58.11,0.684
2898,58.11,0.684
2899,58.11,0.684
2900,58.11,0.684
2901,58.11,0.684
2902,58.11,0.684
2903,58.11,0.684
2904,58.11,0.684
2905,58.11,0.684
2906,58.11,0.684
2907,58.11,0.684
2908,58.11,0.684
2909,58.11,0.684
2910,58.11,0.684
2911,58.11,0.684
2912,58.11,0.684
2913,58.11,0.684
2914,58.11,0.684
2915,58.11,0.684
2916,58.11,0.684
2917,58.11,0.684
2918,58.11,0.684
2919,58.11,0.684
2920,58.11,0.684
2921,58.11,0.684
2922,58.11,0.684
2923,58.11,0.684
2924,58.11,0.684
2925,58.11,0.684
2926,58.11,0.684
2927,58.11,0.684
2928,58.11,0.684
2929,58.11,0.684
2930,58.11,0.684
2931,58.11,0.684
2932,58.11,0.684
2933,58.11,0.684
2934,58.11,0.684
2935,58.11,0.684
2936,58.11,0.684
2937,58.11,0.684
2938,58.11,0.684
2939,58.11,0.684
2940,58.11,0.684
2941,58.11,0.684
2942,58.11,0.684
2943,58.11,0.684
2944,58.11,0.684
2945,58.11,0.684
2946,58.11,0.684
2947,58.11,0.684
2948,58.11,0.684
2949,58.11,0.684
2950,58.11,0.684
2951,58.11,0.684
2952,58.11,0.684
2953,58.11,0.684
2954,58.11,0.684
2955,58.11,0.684
2956,58.11,0.684
2957,58.11,0.684
2958,58.11,0.684
2959,58.11,0.684
2960,58.11,0.684
2961,58.11,0.684
2962,58.11,0.684
2963,58.11,0.684
2964,58.11,0.684
2965,58.11,0.684
2966,58.11,0.684
2967,58.11,0.684
2968,58.11,0.684
2969,58.11,0.684
2970,58.11,0.684
2971,58.11,0.684
2972,58.11,0.684
2973,58.11,0.684
2974,58.11,0.684
2975,58.11,0.684
2976,58.11,0.684
2977,58.11,0.684
2978,58.11,0.684
2979,58.11,0.684
2980,58.11,0.684
2981,58.11,0.684
2982,58.11,0.684
2983,58.11,0.684
2984,58.11,0.684
2985,58.11,0.684
2986,58.11,0.684
2987,58.11,0.684
2988,58.11,0.684
2989,58.11,0.684
2990,58.11,0.684
2991,58.11,0.684
2992,58.11,0.684
2993,58.11,0.684
2994,58.11,0.684
2995,58.11,0.684
2996,58.11,0.684
2997,58.11,0.684
2998,58.11,0.684
2999,58.11,0.684
3000,58.11,0.684
3001,58.11,0.684
3002,58.11,0.684
3003,58.11,0.684
3004,58.11,0.684
3005,58.11,0.684
3006,58.11,0.684
3007,58.11,0.684
3008,58.11,0.684
3009,58.11,0.684
3010,58.11,0.684
3011,58.11,0.684
3012,58.11,0.684
3013,58.11,0.684
3014,58.11,0.684
3015,58.11,0.684
3016,58.11,0.684
3017,58.11,0.684
3018,58.11,0.684
3019,58.11,0.684
3020,58.11,0.684
3021,58.11,0.684
3022,58.11,0.684
3023,58.11,0.684
3024,58.11,0.684
3025,58.11,0.684
3026,58.11,0.684
3027,58.11,0.684
3028,58.11,0.684
3029,58.11,0.684
3030,58.11,0.684
3031,58.11,0.684
3032,58.11,0.684
3033,58.11,0.684
3034,58.11,0.684
3035,58.11,0.684
3036,58.11,0.684
3037,58.11,0.684
3038,58.11,0.684
3039,58.11,0.684
3040,58.11,0.684
3041,58.11,0.684
3042,58.11,0.684
3043,58.11,0.684
3044,58.11,0.684
3045,58.11,0.684
3046,58.11,0.684
3047,58.11,0.684
3048,58.11,0.684
3049,58.11,0.684
3050,58.11,0.684
3051,58.11,0.684
3052,58.11,0.684
3053,58.11,0.684
3054,58.11,0.684
3055,58.11,0.684
3056,58.11,0.684
3057,58.11,0.684
3058,58.11,0.684
3059,58.11,0.684
3060,58.11,0.684
3061,58.11,0.684
3062,58.11,0.684
3063,58.11,0.684
3064,58.11,0.684
3065,58.11,0.684
3066,58.11,0.684
3067,58.11,0.684
3068,58.11,0.684
3069,58.11,0.684
3070,58.11,0.684
3071,58.11,0.684
3072,58.11,0.684
3073,58.11,0.684
3074,58.11,0.684
3075,58.11,0.684
3076,58.11,0.684
3077,58.11,0.684
3078,58.11,0.684
3079,58.11,0.684
3080,58.11,0.684
3081,58.11,0.684
3082,58.11,0.684
3083,58.11,0.684
3084,58.11,0.684
3085,58.11,0.684
3086,58.11,0.684
3087,58.11,0.684
3088,58.11,0.684
3089,58.11,0.684
3090,58.11,0.684
3091,58.11,0.684
3092,58.11,0.684
3093,58.11,0.684
3094,58.11,0.684
3095,58.11,0.684
3096,58.11,0.684
3097,58.11,0.684
3098,58.11,0.684
3099,58.11,0.684
3100,58.11,0.684
3101,58.11,0.684
3102,58.11,0.684
3103,58.11,0.684
3104,58.11,0.684
3105,58.11,0.684
3106,58.11,0.684
3107,58.11,0.684
3108,58.11,0.684
3109,58.11,0.684
3110,58.11,0.684
3111,58.11,0.684
3112,58.11,0.684
3113,58.11,0.684
3114,58.11,0.684
3115,58.11,0.684
3116,58.11,0.684
3117,58.11,0.684
3118,58.11,0.684
3119,58.11,0.684
3120,58.11,0.684
3121,58.11,0.684
3122,58.11,0.684
3123,58.11,0.684
3124,58.11,0.684
3125,58.11,0.684
3126,58.11,0.684
3127,58.11,0.684
3128,58.11,0.684
3129,58.11,0.684
3130,58.11,0.684
3131,58.11,0.684
3132,58.11,0.684
3133,58.11,0.684
3134,58.11,0.684
3135,58.11,0.684
3136,58.11,0.684
3137,58.11,0.684
3138,58.11,0.684
3139,58.11,0.684
3140,58.11,0.684
3141,58.11,0.684
3142,58.11,0.684
3143,58.11,0.684
3144,58.11,0.684
3145,58.11,0.684
3146,58.11,0.684
3147,58.11,0.684
3148,58.11,0.684
3149,58.11,0.684
3150,58.11,0.684
3151,58.11,0.684
3152,58.11,0.684
3153,58.11,0.684
3154,58.11,0.684
3155,58.11,0.684
3156,58.11,0.684
3157,58.11,0.684
3158,58.11,0.684
3159,58.11,0.684
3160,58.11,0.684
3161,58.11,0.684
3162,58.11,0.684
3163,58.11,0.684
3164,58.11,0.684
3165,58.11,0.684
3166,58.11,0.684
3167,58.11,0.684
3168,58.11,0.684
3169,58.11,0.684
3170,58.11,0.684
3171,58.11,0.684
3172,58.11,0.684
3173,58.11,0.684
3174,58.11,0.684
3175,58.11,0.684
3176,58.11,0.684
3177,58.11,0.684
3178,58.11,0.684
3179,58.11,0.684
3180,58.11,0.684
3181,58.11,0.684
3182,58.11,0.684
3183,58.11,0.684
3184,58.11,0.684
3185,58.11,0.684
3186,58.11,0.684
3187,58.11,0.684
3188,58.11,0.684
3189,58.11,0.684
3190,58.11,0.684
3191,58.11,0.684
3192,58.11,0.684
3193,58.11,0.684
3194,58.11,0.684
3195,58.11,0.684
3196,58.11,0.684
3197,58.11,0.684
3198,58.11,0.684
3199,58.11,0.684
3200,58.11,0.684
3201,58.11,0.684
3202,58.11,0.684
3203,58.11,0.684
3204,58.11,0.684
3205,58.11,0.684
3206,58.11,0.684
3207,58.11,0.684
3208,58.11,0.684
3209,58.11,0.684
3210,58.11,0.684
3211,58.11,0.684
3212,58.11,0.684
3213,58.11,0.684
3214,58.11,0.684
3215,58.11,0.684
3216,58.11,0.684
3217,58.11,0.684
3218,58.11,0.684
3219,58.11,0.684
3220,58.11,0.684
3221,58.11,0.684
3222,58.11,0.684
3223,58.11,0.684
3224,58.11,0.684
3225,58.11,0.684
3226,58.11,0.684
3227,58.11,0.684
3228,58.11,0.684
3229,58.11,0.684
3230,58.11,0.684
3231,58.11,0.684
3232,58.11,0.684
3233,58.11,0.684
3234,58.11,0.684
3235,58.11,0.684
3236,58.11,0.684
3237,58.11,0.684
3238,58.11,0.684
3239,58.11,0.684
3240,58.11,0.684
3241,58.11,0.684
3242,58.11,0.684
3243,58.11,0.684
3244,58.11,0.684
3245,58.11,0.684
3246,58.11,0.684
3247,58.11,0.684
3248,58.11,0.684
3249,58.11,0.684
3250,58.11,0.684
3251,58.11,0.684
3252,58.11,0.684
3253,58.11,0.684
3254,58.11,0.684
3255,58.11,0.684
3256,58.11,0.684
3257,58.11,0.684
3258,58.11,0.684
3259,58.11,0.684
3260,58.11,0.684
3261,58.11,0.684
3262,58.11,0.684
3263,58.11,0.684
3264,58.11,0.684
3265,58.11,0.684
3266,58.11,0.684
3267,58.11,0.684
3268,58.11,0.684
3269,58.11,0.684
3270,58.11,0.684
3271,58.11,0.684
3272,58.11,0.684
3273,58.11,0.684
3274,58.11,0.684
3275,58.11,0.684
3276,58.11,0.684
3277,58.11,0.684
3278,58.11,0.684
3279,58.11,0.684
3280,58.11,0.684
3281,58.11,0.684
3282,58.11,0.684
3283,58.11,0.684
3284,58.11,0.684
3285,58.11,0.684
3286,58.11,0.684
3287,58.11,0.684
3288,58.11,0.684
3289,58.11,0.684
3290,58.11,0.684
3291,58.11,0.684
3292,58.11,0.684
3293,58.11,0.684
3294,58.11,0.684
3295,58.11,0.684
3296,58.11,0.684
3297,58.11,0.684
3298,58.11,0.684
3299,58.11,0.684
3300,58.11,0.684
3301,58.11,0.684
3302,58.11,0.684
3303,58.11,0.684
3304,58.11,0.684
3305,58.11,0.684
3306,58.11,0.684
3307,58.11,0.684
3308,58.11,0.684
3309,58.11,0.684
3310,58.11,0.684
3311,58.11,0.684
3312,58.11,0.684
3313,58.11,0.684
3314,58.11,0.684
3315,58.11,0.684
3316,58.11,0.684
3317,58.11,0.684
3318,58.11,0.684
3319,58.11,0.684
3320,58.11,0.684
3321,58.11,0.684
3322,58.11,0.684
3323,58.11,0.684
3324,58.11,0.684
3325,58.11,0.684
3326,58.11,0.684
3327,58.11,0.684
3328,58.11,0.684
3329,58.11,0.684
3330,58.11,0.684
3331,58.11,0.684
3332,58.11,0.684
3333,58.11,0.684
3334,58.11,0.684
3335,58.11,0.684
3336,58.11,0.684
3337,58.11,0.684
3338,58.11,0.684
3339,58.11,0.684
3340,58.11,0.684
3341,58.11,0.684
3342,58.11,0.684
3343,58.11,0.684
3344,58.11,0.684
3345,58.11,0.684
3346,58.11,0.684
3347,58.11,0.684
3348,58.11,0.684
3349,58.11,0.684
3350,58.11,0.684
3351,58.11,0.684
3352,58.11,0.684
3353,58.11,0.684
3354,58.11,0.684
3355,58.11,0.684
3356,58.11,0.684
3357,58.11,0.684
3358,58.11,0.684
3359,58.11,0.684
3360,58.11,0.684
3361,58.11,0.684
3362,58.11,0.684
3363,58.11,0.684
3364,58.11,0.684
3365,58.11,0.684
3366,58.11,0.684
3367,58.11,0.684
3368,58.11,0.684
3369,58.11,0.684
3370,58.11,0.684
3371,58.11,0.684
3372,58.11,0.684
3373,58.11,0.684
3374,58.11,0.684
3375,58.11,0.684
3376,58.11,0.684
3377,58.11,0.684
3378,58.11,0.684
3379,58.11,0.684
3380,58.11,0.684
3381,58.11,0.684
3382,58.11,0.684
3383,58.11,0.684
3384,58.11,0.684
3385,58.11,0.684
3386,58.11,0.684
3387,58.11,0.684
3388,58.11,0.684
3389,58.11,0.684
3390,58.11,0.684
3391,58.11,0.684
3392,58.11,0.684
3393,58.11,0.684
3394,58.11,0.684
3395,58.11,0.684
3396,58.11,0.684
3397,58.11,0.684
3398,58.11,0.684
3399,58.11,0.684
3400,58.11,0.684
3401,58.11,0.684
3402,58.11,0.684
3403,58.11,0.684
3404,58.11,0.684
3405,58.11,0.684
3406,58.11,0.684
3407,58.11,0.684
3408,58.11,0.684
3409,58.11,0.684
3410,58.11,0.684
3411,58.11,0.684
3412,58.11,0.684
3413,58.11,0.684
3414,58.11,0.684
3415,58.11,0.684
3416,58.11,0.684
3417,58.11,0.684
3418,58.11,0.684
3419,58.11,0.684
3420,58.11,0.684
3421,58.11,0.684
3422,58.11,0.684
3423,58.11,0.684
3424,58.11,0.684
3425,58.11,0.684
3426,58.11,0.684
3427,58.11,0.684
3428,58.11,0.684
3429,58.11,0.684
3430,58.11,0.684
3431,58.11,0.684
3432,58.11,0.684
3433,58.11,0.684
3434,58.11,0.684
3435,58.11,0.684
3436,58.11,0.684
3437,58.11,0.684
3438,58.11,0.684
3439,58.11,0.684
3440,58.11,0.684
3441,58.11,0.684
3442,58.11,0.684
3443,58.11,0.684
3444,58.11,0.684
3445,58.11,0.684
3446,58.11,0.684
3447,58.11,0.684
3448,58.11,0.684
3449,58.11,0.684
3450,58.11,0.684
3451,58.11,0.684
3452,58.11,0.684
3453,58.11,0.684
3454,58.11,0.684
3455,58.11,0.684
3456,58.11,0.684
3457,58.11,0.684
3458,58.11,0.684
3459,58.11,0.684
3460,58.11,0.684
3461,58.11,0.684
3462,58.11,0.684
3463,58.11,0.684
3464,58.11,0.684
3465,58.11,0.684
3466,58.11,0.684
3467,58.11,0.684
3468,58.11,0.684
3469,58.11,0.684
3470,58.11,0.684
3471,58.11,0.684
3472,58.11,0.684
3473,58.11,0.684
3474,58.11,0.684
3475,58.11,0.684
3476,58.11,0.684
3477,58.11,0.684
3478,58.11,0.684
3479,58.11,0.684
3480,58.11,0.684
3481,58.11,0.684
3482,58.11,0.684
3483,58.11,0.684
3484,58.11,0.684
3485,58.11,0.684
3486,58.11,0.684
3487,58.11,0.684
3488,58.11,0.684
3489,58.11,0.684
3490,58.11,0.684
3491,58.11,0.684
3492,58.11,0.684
3493,58.11,0.684
3494,58.11,0.684
3495,58.11,0.684
3496,58.11,0.684
3497,58.11,0.684
3498,58.11,0.684
3499,58.11,0.684
3500,58.11,0.684
3501,58.11,0.684
3502,58.11,0.684
3503,58.11,0.684
3504,58.11,0.684
3505,58.11,0.684
3506,58.11,0.684
3507,58.11,0.684
3508,58.11,0.684
3509,58.11,0.684
3510,58.11,0.684
3511,58.11,0.684
3512,58.11,0.684
3513,58.11,0.684
3514,58.11,0.684
3515,58.11,0.684
3516,58.11,0.684
3517,58.11,0.684
3518,58.11,0.684
3519,58.11,0.684
3520,58.11,0.684
3521,58.11,0.684
3522,58.11,0.684
3523,58.11,0.684
3524,58.11,0.684
3525,58.11,0.684
3526,58.11,0.684
3527,58.11,0.684
3528,58.11,0.684
3529,58.11,0.684
3530,58.11,0.684
3531,58.11,0.684
3532,58.11,0.684
3533,58.11,0.684
3534,58.11,0.684
3535,58.11,0.684
3536,58.11,0.684
3537,58.11,0.684
3538,58.11,0.684
3539,58.11,0.684
3540,58.11,0.684
3541,58.11,0.684
3542,58.11,0.684
3543,58.11,0.684
3544,58.11,0.684
3545,58.11,0.684
3546,58.11,0.684
3547,58.11,0.684
3548,58.11,0.684
3549,58.11,0.684
3550,58.11,0.684
3551,58.11,0.684
3552,58.11,0.684
3553,58.11,0.684
3554,58.11,0.684
3555,58.11,0.684
3556,58.11,0.684
3557,58.11,0.684
3558,58.11,0.684
3559,58.11,0.684
3560,58.11,0.684
3561,58.11,0.684
3562,58.11,0.684
3563,58.11,0.684
3564,58.11,0.684
3565,58.11,0.684
3566,58.11,0.684
3567,58.11,0.684
3568,58.11,0.684
3569,58.11,0.684
3570,58.11,0.684
3571,58.11,0.684
3572,58.11,0.684
3573,58.11,0.684
3574,58.11,0.684
3575,58.11,0.684
3576,58.11,0.684
3577,58.11,0.684
3578,58.11,0.684
3579,58.11,0.684
3580,58.11,0.684
3581,58.11,0.684
3582,58.11,0.684
3583,58.11,0.684
3584,58.11,0.684
3585,58.11,0.684
3586,58.11,0.684
3587,58.11,0.684
3588,58.11,0.684
3589,58.11,0.684
3590,58.11,0.684
3591,58.11,0.684
3592,58.11,0.684
3593,58.11,0.684
3594,58.11,0.684
3595,58.11,0.684
3596,58.11,0.684
3597,58.11,0.684
3598,58.11,0.684
3599,58.11,0.684
3600,58.11,0.684
3601,58.11,0.684
3602,58.11,0.684
3603,58.11,0.684
3604,58.11,0.684
3605,58.11,0.684
3606,58.11,0.684
3607,58.11,0.684
3608,58.11,0.684
3609,58.11,0.684
3610,58.11,0.684
3611,58.11,0.684
3612,58.11,0.684
3613,58.11,0.684
3614,58.11,0.684
3615,58.11,0.684
3616,58.11,0.684
3617,58.11,0.684
3618,58.11,0.684
3619,58.11,0.684
3620,58.11,0.684
3621,58.11,0.684
3622,58.11,0.684
3623,58.11,0.684
3624,58.11,0.684
3625,58.11,0.684
3626,58.11,0.684
3627,58.11,0.684
3628,58.11,0.684
3629,58.11,0.684
3630,58.11,0.684
3631,58.11,0.684
3632,58.11,0.684
3633,58.11,0.684
3634,58.11,0.684
3635,58.11,0.684
3636,58.11,0.684
3637,58.11,0.684
3638,58.11,0.684
3639,58.11,0.684
3640,58.11,0.684
3641,58.11,0.684
3642,58.11,0.684
3643,58.11,0.684
3644,58.11,0.684
3645,58.11,0.684
3646,58.11,0.684
3647,58.11,0.684
3648,58.11,0.684
3649,58.11,0.684
3650,58.11,0.684
3651,58.11,0.684
3652,58.11,0.684
3653,58.11,0.684
3654,58.11,0.684
3655,58.11,0.684
3656,58.11,0.684
3657,58.11,0.684
3658,58.11,0.684
3659,58.11,0.684
3660,58.11,0.684
3661,58.11,0.684
3662,58.11,0.684
3663,58.11,0.684
3664,58.11,0.684
3665,58.11,0.684
3666,58.11,0.684
3667,58.11,0.684
3668,58.11,0.684
3669,58.11,0.684
3670,58.11,0.684
3671,58.11,0.684
3672,58.11,0.684
3673,58.11,0.684
3674,58.11,0.684
3675,58.11,0.684
3676,58.11,0.684
3677,58.11,0.684
3678,58.11,0.684
3679,58.11,0.684
3680,58.11,0.684
3681,58.11,0.684
3682,58.11,0.684
3683,58.11,0.684
3684,58.11,0.684
3685,58.11,0.684