t,x,y
1310,39.38,0.798
1311,39.38,0.798
1312,39.38,0.798
1313,39.38,0.798
1314,39.38,0.798
1315,39.38,0.798
1316,39.38,0.798
1317,39.38,0.798
1318,39.38,0.798
1319,39.38,0.798
1320,39.38,0.798
1321,39.38,0.798
1322,39.38,0.798
1323,39.38,0.798
1324,39.38,0.798
1325,39.38,0.798
1326,39.38,0.798
1327,39.38,0.798
1328,39.38,0.798
1329,39.38,0.798
1330,39.38,0.798
1331,39.38,0.798
1332,39.38,0.798
1333,39.38,0.798
1334,39.38,0.798
1335,39.38,0.798
1336,39.38,0.798
1337,39.38,0.798
1338,39.38,0.798
1339,39.38,0.798
1340,39.38,0.798
1341,39.38,0.798
1342,39.38,0.798
1343,39.38,0.798
1344,39.38,0.798
1345,39.38,0.798
1346,39.38,0.798
1347,39.38,0.798
1348,39.38,0.798
1349,39.38,0.798
1350,39.38,0.798
1351,39.38,0.798
1352,39.38,0.798
1353,39.38,0.798
1354,39.38,0.798
1355,39.38,0.798
1356,39.38,0.798
1357,39.38,0.798
1358,39.38,0.798
1359,39.38,0.798
1360,39.38,0.798
1361,39.38,0.798
1362,39.38,0.798
1363,39.38,0.798
1364,39.38,0.798
1365,39.38,0.798
1366,39.38,0.798
1367,39.38,0.798
1368,39.38,0.798
1369,39.38,0.798
1370,39.38,0.798
1371,39.38,0.798
1372,39.38,0.798
1373,39.38,0.798
1374,39.38,0.798
1375,39.38,0.798
1376,39.38,0.798
1377,39.38,0.798
1378,39.38,0.798
1379,39.38,0.798
1380,39.38,0.798
1381,39.38,0.798
1382,39.38,0.798
1383,39.38,0.798
1384,39.38,0.798
1385,39.38,0.798
1386,39.38,0.798
1387,39.38,0.798
1388,39.38,0.798
1389,39.38,0.798
1390,39.38,0.798
1391,39.38,0.798
1392,39.38,0.798
1393,39.38,0.798
1394,39.38,0.798
1395,39.38,0.798
1396,39.38,0.798
1397,39.38,0.798
1398,39.38,0.798
1399,39.38,0.798
1400,39.38,0.798
1401,39.38,0.798
1402,39.38,0.798
1403,39.38,0.798
1404,39.38,0.798
1405,39.38,0.798
1406,39.38,0.798
1407,39.38,0.798
1408,39.38,0.798
1409,39.38,0.798
1410,39.38,0.798
1411,39.38,0.798
1412,39.38,0.798
1413,39.38,0.798
1414,39.38,0.798
1415,39.38,0.798
1416,39.38,0.798
1417,39.38,0.798
1418,39.38,0.798
1419,39.38,0.798
1420,39.38,0.798
1421,39.38,0.798
1422,39.38,0.798
1423,39.38,0.798
1424,39.38,0.798
1425,39.38,0.798
1426,39.38,0.798
1427,39.38,0.798
1428,39.38,0.798
1429,39.38,0.798
1430,39.38,0.798
1431,39.38,0.798
1432,39.38,0.798
1433,39.38,0.798
1434,39.38,0.798
1435,39.38,0.798
1436,39.38,0.798
1437,39.38,0.798
1438,39.38,0.798
1439,39.38,0.798
1440,39.38,0.798
1441,39.38,0.798
1442,39.38,0.798
1443,39.38,0.798
1444,39.38,0.798
1445,39.38,0.798
1446,39.38,0.798
1447,39.38,0.798
1448,39.38,0.798
1449,39.38,0.798
1450,39.38,0.798
1451,39.38,0.798
1452,39.38,0.798
1453,39.38,0.798
1454,39.38,0.798
1455,39.38,0.798
1456,39.38,0.798
1457,39.38,0.798
1458,39.38,0.798
1459,39.38,0.798
1460,39.38,0.798
1461,39.38,0.798
1462,39.38,0.798
1463,39.38,0.798
1464,39.38,0.798
1465,39.38,0.798
1466,39.38,0.798
1467,39.38,0.798
1468,39.38,0.798
1469,39.38,0.798
1470,39.38,0.798
1471,39.38,0.798
1472,39.38,0.798
1473,39.38,0.798
1474,39.38,0.798
1475,39.38,0.798
1476,39.38,0.798
1477,39.38,0.798
1478,39.38,0.798
1479,39.38,0.798
1480,39.38,0.798
1481,39.38,0.798
1482,39.38,0.798
1483,39.38,0.798
1484,39.38,0.798
1485,39.38,0.798
1486,39.38,0.798
1487,39.38,0.798
1488,39.38,0.798
1489,39.38,0.798
1490,39.38,0.798
1491,39.38,0.798
1492,39.38,0.798
1493,39.38,0.798
1494,39.38,0.798
1495,39.38,0.798
1496,39.38,0.798
1497,39.38,0.798
1498,39.38,0.798
1499,39.38,0.798
1500,39.38,0.798
1501,39.38,0.798
1502,39.38,0.798
1503,39.38,0.798
1504,39.38,0.798
1505,39.38,0.798
1506,39.38,0.798
1507,39.38,0.798
1508,39.38,0.798
1509,39.38,0.798
1510,39.38,0.798
1511,39.38,0.798
1512,39.38,0.798
1513,39.38,0.798
1514,39.38,0.798
1515,39.38,0.798
1516,39.38,0.798
1517,39.38,0.798
1518,39.38,0.798
1519,39.38,0.798
1520,39.38,0.798
1521,39.38,0.798
1522,39.38,0.798
1523,39.38,0.798
1524,39.38,0.798
1525,39.38,0.798
1526,39.38,0.798
1527,39.38,0.798
1528,39.38,0.798
1529,39.38,0.798
1530,39.38,0.798
1531,39.38,0.798
1532,39.38,0.798
1533,39.38,0.798
1534,39.38,0.798
1535,39.38,0.798
1536,39.38,0.798
1537,39.38,0.798
1538,39.38,0.798
1539,39.38,0.798
1540,39.38,0.798
1541,39.38,0.798
1542,39.38,0.798
1543,39.38,0.798
1544,39.38,0.798
1545,39.38,0.798
1546,39.38,0.798
1547,39.38,0.798
1548,39.38,0.798
1549,39.38,0.798
1550,39.38,0.798
1551,39.38,0.798
1552,39.38,0.798
1553,39.38,0.798
1554,39.38,0.798
1555,39.38,0.798
1556,39.38,0.798
1557,39.38,0.798
1558,39.38,0.798
1559,39.38,0.798
1560,39.38,0.798
1561,39.38,0.798
1562,39.38,0.798
1563,39.38,0.798
1564,39.38,0.798
1565,39.38,0.798
1566,39.38,0.798
1567,39.38,0.798
1568,39.38,0.798
1569,39.38,0.798
1570,39.38,0.798
1571,39.38,0.798
1572,39.38,0.798
1573,39.38,0.798
1574,39.38,0.798
1575,39.38,0.798
1576,39.38,0.798
1577,39.38,0.798
1578,39.38,0.798
1579,39.38,0.798
1580,39.38,0.798
1581,39.38,0.798
1582,39.38,0.798
1583,39.38,0.798
1584,39.38,0.798
1585,39.38,0.798
1586,39.38,0.798
1587,39.38,0.798
1588,39.38,0.798
1589,39.38,0.798
1590,39.38,0.798
1591,39.38,0.798
1592,39.38,0.798
1593,39.38,0.798
1594,39.38,0.798
1595,39.38,0.798
1596,39.38,0.798
1597,39.38,0.798
1598,39.38,0.798
1599,39.38,0.798
1600,39.38,0.798
1601,39.38,0.798
1602,39.38,0.798
1603,39.38,0.798
1604,39.38,0.798
1605,39.38,0.798
1606,39.38,0.798
1607,39.38,0.798
1608,39.38,0.798
1609,39.38,0.798
1610,39.38,0.798
1611,39.38,0.798
1612,39.38,0.798
1613,39.38,0.798
1614,39.38,0.798
1615,39.38,0.798
1616,39.38,0.798
1617,39.38,0.798
1618,39.38,0.798
1619,39.38,0.798
1620,39.38,0.798
1621,39.38,0.798
1622,39.38,0.798
1623,39.38,0.798
1624,39.38,0.798
1625,39.38,0.798
1626,39.38,0.798
1627,39.38,0.798
1628,39.38,0.798
1629,39.38,0.798
1630,39.38,0.798
1631,39.38,0.798
1632,39.38,0.798
1633,39.38,0.798
1634,39.38,0.798
1635,39.38,0.798
1636,39.38,0.798
1637,39.38,0.798
1638,39.38,0.798
1639,39.38,0.798
1640,39.38,0.798
1641,39.38,0.798
1642,39.38,0.798
1643,39.38,0.798
1644,39.38,0.798
1645,39.38,0.798
1646,39.38,0.798
1647,39.38,0.798
1648,39.38,0.798
1649,39.38,0.798
1650,39.38,0.798
1651,39.38,0.798
1652,39.38,0.798
1653,39.38,0.798
1654,39.38,0.798
1655,39.38,0.798
1656,39.38,0.798
1657,39.38,0.798
1658,39.38,0.798
1659,39.38,0.798
1660,39.38,0.798
1661,39.38,0.798
1662,39.38,0.798
1663,39.38,0.798
1664,39.38,0.798
1665,39.38,0.798
1666,39.38,0.798
1667,39.38,0.798
1668,39.38,0.798
1669,39.38,0.798
1670,39.38,0.798
1671,39.38,0.798
1672,39.38,0.798
1673,39.38,0.798
1674,39.38,0.798
1675,39.38,0.798
1676,39.38,0.798
1677,39.38,0.798
1678,39.38,0.798
1679,39.38,0.798
1680,39.38,0.798
1681,39.38,0.798
1682,39.38,0.798
1683,39.38,0.798
1684,39.38,0.798
1685,39.38,0.798
1686,39.38,0.798
1687,39.38,0.798
1688,39.38,0.798
1689,39.38,0.798
1690,39.38,0.798
1691,39.38,0.798
1692,39.38,0.798
1693,39.38,0.798
1694,39.38,0.798
1695,39.38,0.798
1696,39.38,0.798
1697,39.38,0.798
1698,39.38,0.798
1699,39.38,0.798
1700,39.38,0.798
1701,39.38,0.798
1702,39.38,0.798
1703,39.38,0.798
1704,39.38,0.798
1705,39.38,0.798
1706,39.38,0.798
1707,39.38,0.798
1708,39.38,0.798
1709,39.38,0.798
1710,39.38,0.798
1711,39.38,0.798
1712,39.38,0.798
1713,39.38,0.798
1714,39.38,0.798
1715,39.38,0.798
1716,39.38,0.798
1717,39.38,0.798
1718,39.38,0.798
1719,39.38,0.798
1720,39.38,0.798
1721,39.38,0.798
1722,39.38,0.798
1723,39.38,0.798
1724,39.38,0.798
1725,39.38,0.798
1726,39.38,0.798
1727,39.38,0.798
1728,39.38,0.798
1729,39.38,0.798
1730,39.38,0.798
1731,39.38,0.798
1732,39.38,0.798
1733,39.38,0.798
1734,39.38,0.798
1735,39.38,0.798
1736,39.38,0.798
1737,39.38,0.798
1738,39.38,0.798
1739,39.38,0.798
1740,39.38,0.798
1741,39.38,0.798
1742,39.38,0.798
1743,39.38,0.798
1744,39.38,0.798
1745,39.38,0.798
1746,39.38,0.798
1747,39.38,0.798
1748,39.38,0.798
1749,39.38,0.798
1750,39.38,0.798
1751,39.38,0.798
1752,39.38,0.798
1753,39.38,0.798
1754,39.38,0.798
1755,39.38,0.798
1756,39.38,0.798
1757,39.38,0.798
1758,39.38,0.798
1759,39.38,0.798
1760,39.38,0.798
1761,39.38,0.798
1762,39.38,0.798
1763,39.38,0.798
1764,39.38,0.798
1765,39.38,0.798
1766,39.38,0.798
1767,39.38,0.798
1768,39.38,0.798
1769,39.38,0.798
1770,39.38,0.798
1771,39.38,0.798
1772,39.38,0.798
1773,39.38,0.798
1774,39.38,0.798
1775,39.38,0.798
1776,39.38,0.798
1777,39.38,0.798
1778,39.38,0.798
1779,39.38,0.798
1780,39.38,0.798
1781,39.38,0.798
1782,39.38,0.798
1783,39.38,0.798
1784,39.38,0.798
1785,39.38,0.798
1786,39.38,0.798
1787,39.38,0.798
1788,39.38,0.798
1789,39.38,0.798
1790,39.38,0.798
1791,39.38,0.798
1792,39.38,0.798
1793,39.38,0.798
1794,39.38,0.798
1795,39.38,0.798
1796,39.38,0.798
1797,39.38,0.798
1798,39.38,0.798
1799,39.38,0.798
1800,39.38,0.798
1801,39.38,0.798
1802,39.38,0.798
1803,39.38,0.798
1804,39.38,0.798
1805,39.38,0.798
1806,39.38,0.798
1807,39.38,0.798
1808,39.38,0.798
1809,39.38,0.798
1810,39.38,0.798
1811,39.38,0.798
1812,39.38,0.798
1813,39.38,0.798
1814,39.38,0.798
1815,39.38,0.798
1816,39.38,0.798
1817,39.38,0.798
1818,39.38,0.798
1819,39.38,0.798
1820,39.38,0.798
1821,39.38,0.798
1822,39.38,0.798
1823,39.38,0.798
1824,39.38,0.798
1825,39.38,0.798
1826,39.38,0.798
1827,39.38,0.798
1828,39.38,0.798
1829,39.38,0.798
1830,39.38,0.798
1831,39.38,0.798
1832,39.38,0.798
1833,39.38,0.798
1834,39.38,0.798
1835,39.38,0.798
1836,39.38,0.798
1837,39.38,0.798
1838,39.38,0.798
1839,39.38,0.798
1840,39.38,0.798
1841,39.38,0.798
1842,39.38,0.798
1843,39.38,0.798
1844,39.38,0.798
1845,39.38,0.798
1846,39.38,0.798
1847,39.38,0.798
1848,39.38,0.798
1849,39.38,0.798
1850,39.38,0.798
1851,39.38,0.798
1852,39.38,0.798
1853,39.38,0.798
1854,39.38,0.798
1855,39.38,0.798
1856,39.38,0.798
1857,39.38,0.798
1858,39.38,0.798
1859,39.38,0.798
1860,39.38,0.798
1861,39.38,0.798
1862,39.38,0.798
1863,39.38,0.798
1864,39.38,0.798
1865,39.38,0.798
1866,39.38,0.798
1867,39.38,0.798
1868,39.38,0.798
1869,39.38,0.798
1870,39.38,0.798
1871,39.38,0.798
1872,39.38,0.798
1873,39.38,0.798
1874,39.38,0.798
1875,39.38,0.798
1876,39.38,0.798
1877,39.38,0.798
1878,39.38,0.798
1879,39.38,0.798
1880,39.38,0.798
1881,39.38,0.798
1882,39.38,0.798
1883,39.38,0.798
1884,39.38,0.798
1885,39.38,0.798
1886,39.38,0.798
1887,39.38,0.798
1888,39.38,0.798
1889,39.38,0.798
1890,39.38,0.798
1891,39.38,0.798
1892,39.38,0.798
1893,39.38,0.798
1894,39.38,0.798
1895,39.38,0.798
1896,39.38,0.798
1897,39.38,0.798
1898,39.38,0.798
1899,39.38,0.798
1900,39.38,0.798
1901,39.38,0.798
1902,39.38,0.798
1903,39.38,0.798
1904,39.38,0.798
1905,39.38,0.798
1906,39.38,0.798
1907,39.38,0.798
1908,39.38,0.798
1909,39.38,0.798
1910,39.38,0.798
1911,39.38,0.798
1912,39.38,0.798
1913,39.38,0.798
1914,39.38,0.798
1915,39.38,0.798
1916,39.38,0.798
1917,39.38,0.798
1918,39.38,0.798
1919,39.38,0.798
1920,39.38,0.798
1921,39.38,0.798
1922,39.38,0.798
1923,39.38,0.798
1924,39.38,0.798
1925,39.38,0.798
1926,39.38,0.798
1927,39.38,0.798
1928,39.38,0.798
1929,39.38,0.798
1930,39.38,0.798
1931,39.38,0.798
1932,39.38,0.798
1933,39.38,0.798
1934,39.38,0.798
1935,39.38,0.798
1936,39.38,0.798
1937,39.38,0.798
1938,39.38,0.798
1939,39.38,0.798
1940,39.38,0.798
1941,39.38,0.798
1942,39.38,0.798
1943,39.38,0.798
1944,39.38,0.798
1945,39.38,0.798
1946,39.38,0.798
1947,39.38,0.798
1948,39.38,0.798
1949,39.38,0.798
1950,39.38,0.798
1951,39.38,0.798
1952,39.38,0.798
1953,39.38,0.798
1954,39.38,0.798
1955,39.38,0.798
1956,39.38,0.798
1957,39.38,0.798
1958,39.38,0.798
1959,39.38,0.798
1960,39.38,0.798
1961,39.38,0.798
1962,39.38,0.798
1963,39.38,0.798
1964,39.38,0.798
1965,39.38,0.798
1966,39.38,0.798
1967,39.38,0.798
1968,39.38,0.798
1969,39.38,0.798
1970,39.38,0.798
1971,39.38,0.798
1972,39.38,0.798
1973,39.38,0.798
1974,39.38,0.798
1975,39.38,0.798
1976,39.38,0.798
1977,39.38,0.798
1978,39.38,0.798
1979,39.38,0.798
1980,39.38,0.798
1981,39.38,0.798
1982,39.38,0.798
1983,39.38,0.798
1984,39.38,0.798
1985,39.38,0.798
1986,39.38,0.798
1987,39.38,0.798
1988,39.38,0.798
1989,39.38,0.798
1990,39.38,0.798
1991,39.38,0.798
1992,39.38,0.798
1993,39.38,0.798
1994,39.38,0.798
1995,39.38,0.798
1996,39.38,0.798
1997,39.38,0.798
1998,39.38,0.798
1999,39.38,0.798
2000,39.38,0.798
2001,39.38,0.798
2002,39.38,0.798
2003,39.38,0.798
2004,39.38,0.798
2005,39.38,0.798
2006,39.38,0.798
2007,39.38,0.798
2008,39.38,0.798
2009,39.38,0.798
2010,39.38,0.798
2011,39.38,0.798
2012,39.38,0.798
2013,39.38,0.798
2014,39.38,0.798
2015,39.38,0.798
2016,39.38,0.798
2017,39.38,0.798
2018,39.38,0.798
2019,39.38,0.798
2020,39.38,0.798
2021,39.38,0.798
2022,39.38,0.798
2023,39.38,0.798
2024,39.38,0.798
2025,39.38,0.798
2026,39.38,0.798
2027,39.38,0.798
2028,39.38,0.798
2029,39.38,0.798
2030,39.38,0.798
2031,39.38,0.798
2032,39.38,0.798
2033,39.38,0.798
2034,39.38,0.798
2035,39.38,0.798
2036,39.38,0.798
2037,39.38,0.798
2038,39.38,0.798
2039,39.38,0.798
2040,39.38,0.798
2041,39.38,0.798
2042,39.38,0.798
2043,39.38,0.798
2044,39.38,0.798
2045,39.38,0.798
2046,39.38,0.798
2047,39.38,0.798
2048,39.38,0.798
2049,39.38,0.798
2050,39.38,0.798
2051,39.38,0.798
2052,39.38,0.798
2053,39.38,0.798
2054,39.38,0.798
2055,39.38,0.798
2056,39.38,0.798
2057,39.38,0.798
2058,39.38,0.798
2059,39.38,0.798
2060,39.38,0.798
2061,39.38,0.798
2062,39.38,0.798
2063,39.38,0.798
2064,39.38,0.798
2065,39.38,0.798
2066,39.38,0.798
2067,39.38,0.798
2068,39.38,0.798
2069,39.38,0.798
2070,39.38,0.798
2071,39.38,0.798
2072,39.38,0.798
2073,39.38,0.798
2074,39.38,0.798
2075,39.38,0.798
2076,39.38,0.798
2077,39.38,0.798
2078,39.38,0.798
2079,39.38,0.798
2080,39.38,0.798
2081,39.38,0.798
2082,39.38,0.798
2083,39.38,0.798
2084,39.38,0.798
2085,39.38,0.798
2086,39.38,0.798
2087,39.38,0.798
2088,39.38,0.798
2089,39.38,0.798
2090,39.38,0.798
2091,39.38,0.798
2092,39.38,0.798
2093,39.38,0.798
2094,39.38,0.798
2095,39.38,0.798
2096,39.38,0.798
2097,39.38,0.798
2098,39.38,0.798
2099,39.38,0.798
2100,39.38,0.798
2101,39.38,0.798
2102,39.38,0.798
2103,39.38,0.798
2104,39.38,0.798
2105,39.38,0.798
2106,39.38,0.798
2107,39.38,0.798
2108,39.38,0.798
2109,39.38,0.798
2110,39.38,0.798
2111,39.38,0.798
2112,39.38,0.798
2113,39.38,0.798
2114,39.38,0.798
2115,39.38,0.798
2116,39.38,0.798
2117,39.38,0.798
2118,39.38,0.798
2119,39.38,0.798
2120,39.38,0.798
2121,39.38,0.798
2122,39.38,0.798
2123,39.38,0.798
2124,39.38,0.798
2125,39.38,0.798
2126,39.38,0.798
2127,39.38,0.798
2128,39.38,0.798
2129,39.38,0.798
2130,39.38,0.798
2131,39.38,0.798
2132,39.38,0.798
2133,39.38,0.798
2134,39.38,0.798
2135,39.38,0.798
2136,39.38,0.798
2137,39.38,0.798
2138,39.38,0.798
2139,39.38,0.798
2140,39.38,0.798
2141,39.38,0.798
2142,39.38,0.798
2143,39.38,0.798
2144,39.38,0.798
2145,39.38,0.798
2146,39.38,0.798
2147,39.38,0.798
2148,39.38,0.798
2149,39.38,0.798
2150,39.38,0.798
2151,39.38,0.798
2152,39.38,0.798
2153,39.38,0.798
2154,39.38,0.798
2155,39.38,0.798
2156,39.38,0.798
2157,39.38,0.798
2158,39.38,0.798
2159,39.38,0.798
2160,39.38,0.798
2161,39.38,0.798
2162,39.38,0.798
2163,39.38,0.798
2164,39.38,0.798
2165,39.38,0.798
2166,39.38,0.798
2167,39.38,0.798
2168,39.38,0.798
2169,39.38,0.798
2170,39.38,0.798
2171,39.38,0.798
2172,39.38,0.798
2173,39.38,0.798
2174,39.38,0.798
2175,39.38,0.798
2176,39.38,0.798
2177,39.38,0.798
2178,39.38,0.798
2179,39.38,0.798
2180,39.38,0.798
2181,39.38,0.798
2182,39.38,0.798
2183,39.38,0.798
2184,39.38,0.798
2185,39.38,0.798
2186,39.38,0.798
2187,39.38,0.798
2188,39.38,0.798
2189,39.38,0.798
2190,39.38,0.798
2191,39.38,0.798
2192,39.38,0.798
2193,39.38,0.798
2194,39.38,0.798
2195,39.38,0.798
2196,39.38,0.798
2197,39.38,0.798
2198,39.38,0.798
2199,39.38,0.798
2200,39.38,0.798
2201,39.38,0.798
2202,39.38,0.798
2203,39.38,0.798
2204,39.38,0.798
2205,39.38,0.798
2206,39.38,0.798
2207,39.38,0.798
2208,39.38,0.798
2209,39.38,0.798
2210,39.38,0.798
2211,39.38,0.798
2212,39.38,0.798
2213,39.38,0.798
2214,39.38,0.798
2215,39.38,0.798
2216,39.38,0.798
2217,39.38,0.798
2218,39.38,0.798
2219,39.38,0.798
2220,39.38,0.798
2221,39.38,0.798
2222,39.38,0.798
2223,39.38,0.798
2224,39.38,0.798
2225,39.38,0.798
2226,39.38,0.798
2227,39.38,0.798
2228,39.38,0.798
2229,39.38,0.798
2230,39.38,0.798
2231,39.38,0.798
2232,39.38,0.798
2233,39.38,0.798
2234,39.38,0.798
2235,39.38,0.798
2236,39.38,0.798
2237,39.38,0.798
2238,39.38,0.798
2239,39.38,0.798
2240,39.38,0.798
2241,39.38,0.798
2242,39.38,0.798
2243,39.38,0.798
2244,39.38,0.798
2245,39.38,0.798
2246,39.38,0.798
2247,39.38,0.798
2248,39.38,0.798
2249,39.38,0.798
2250,39.38,0.798
2251,39.38,0.798
2252,39.38,0.798
2253,39.38,0.798
2254,39.38,0.798
2255,39.38,0.798
2256,39.38,0.798
2257,39.38,0.798
2258,39.38,0.798
2259,39.38,0.798
2260,39.38,0.798
2261,39.38,0.798
2262,39.38,0.798
2263,39.38,0.798
2264,39.38,0.798
2265,39.38,0.798
2266,39.38,0.798
2267,39.38,0.798
2268,39.38,0.798
2269,39.38,0.798
2270,39.38,0.798
2271,39.38,0.798
2272,39.38,0.798
2273,39.38,0.798
2274,39.38,0.798
2275,39.38,0.798
2276,39.38,0.798
2277,39.38,0.798
2278,39.38,0.798
2279,39.38,0.798
2280,39.38,0.798
2281,39.38,0.798
2282,39.38,0.798
2283,39.38,0.798
2284,39.38,0.798
2285,39.38,0.798
2286,39.38,0.798
2287,39.38,0.798
2288,39.38,0.798
2289,39.38,0.798
2290,39.38,0.798
2291,39.38,0.798
2292,39.38,0.798
2293,39.38,0.798
2294,39.38,0.798
2295,39.38,0.798
2296,39.38,0.798
2297,39.38,0.798
2298,39.38,0.798
2299,39.38,0.798
2300,39.38,0.798
2301,39.38,0.798
2302,39.38,0.798
2303,39.38,0.798
2304,39.38,0.798
2305,39.38,0.798
2306,39.38,0.798
2307,39.38,0.798
2308,39.38,0.798
2309,39.38,0.798
2310,39.38,0.798
2311,39.38,0.798
2312,39.38,0.798
2313,39.38,0.798
2314,39.38,0.798
2315,39.38,0.798
2316,39.38,0.798
2317,39.38,0.798
2318,39.38,0.798
2319,39.38,0.798
2320,39.38,0.798
2321,39.38,0.798
2322,39.38,0.798
2323,39.38,0.798
2324,39.38,0.798
2325,39.38,0.798
2326,39.38,0.798
2327,39.38,0.798
2328,39.38,0.798
2329,39.38,0.798
2330,39.38,0.798
2331,39.38,0.798
2332,39.38,0.798
2333,39.38,0.798
2334,39.38,0.798
2335,39.38,0.798
2336,39.38,0.798
2337,39.38,0.798
2338,39.38,0.798
2339,39.38,0.798
2340,39.38,0.798
2341,39.38,0.798
2342,39.38,0.798
2343,39.38,0.798
2344,39.38,0.798
2345,39.38,0.798
2346,39.38,0.798
2347,39.38,0.798
2348,39.38,0.798
2349,39.38,0.798
2350,39.38,0.798
2351,39.38,0.798
2352,39.38,0.798
2353,39.38,0.798
2354,39.38,0.798
2355,39.38,0.798
2356,39.38,0.798
2357,39.38,0.798
2358,39.38,0.798
2359,39.38,0.798
2360,39.38,0.798
2361,39.38,0.798
2362,39.38,0.798
2363,39.38,0.798
2364,39.38,0.798
2365,39.38,0.798
2366,39.38,0.798
2367,39.38,0.798
2368,39.38,0.798
2369,39.38,0.798
2370,39.38,0.798
2371,39.38,0.798
2372,39.38,0.798
2373,39.38,0.798
2374,39.38,0.798
2375,39.38,0.798
2376,39.38,0.798
2377,39.38,0.798
2378,39.38,0.798
2379,39.38,0.798
2380,39.38,0.798
2381,39.38,0.798
2382,39.38,0.798
2383,39.38,0.798
2384,39.38,0.798
2385,39.38,0.798
2386,39.38,0.798
2387,39.38,0.798
2388,39.38,0.798
2389,39.38,0.798
2390,39.38,0.798
2391,39.38,0.798
2392,39.38,0.798
2393,39.38,0.798
2394,39.38,0.798
2395,39.38,0.798
2396,39.38,0.798
2397,39.38,0.798
2398,39.38,0.798
2399,39.38,0.798
2400,39.38,0.798
2401,39.38,0.798
2402,39.38,0.798
2403,39.38,0.798
2404,39.38,0.798
2405,39.38,0.798
2406,39.38,0.798
2407,39.38,0.798
2408,39.38,0.798
2409,39.38,0.798
2410,39.38,0.798
2411,39.38,0.798
2412,39.38,0.798
2413,39.38,0.798
2414,39.38,0.798
2415,39.38,0.798
2416,39.38,0.798
2417,39.38,0.798
2418,39.38,0.798
2419,39.38,0.798
2420,39.38,0.798
2421,39.38,0.798
2422,39.38,0.798
2423,39.38,0.798
2424,39.38,0.798
2425,39.38,0.798
2426,39.38,0.798
2427,39.38,0.798
2428,39.38,0.798
2429,39.38,0.798
2430,39.38,0.798
2431,39.38,0.798
2432,39.38,0.798
2433,39.38,0.798
2434,39.38,0.798
2435,39.38,0.798
2436,39.38,0.798
2437,39.38,0.798
2438,39.38,0.798
2439,39.38,0.798
2440,39.38,0.798
2441,39.38,0.798
2442,39.38,0.798
2443,39.38,0.798
2444,39.38,0.798
2445,39.38,0.798
2446,39.38,0.798
2447,39.38,0.798
2448,39.38,0.798
2449,39.38,0.798
2450,39.38,0.798
2451,39.38,0.798
2452,39.38,0.798
2453,39.38,0.798
2454,39.38,0.798
2455,39.38,0.798
2456,39.38,0.798
2457,39.38,0.798
2458,39.38,0.798
2459,39.38,0.798
2460,39.38,0.798
2461,39.38,0.798
2462,39.38,0.798
2463,39.38,0.798
2464,39.38,0.798
2465,39.38,0.798
2466,39.38,0.798
2467,39.38,0.798
2468,39.38,0.798
2469,39.38,0.798
2470,39.38,0.798
2471,39.38,0.798
2472,39.38,0.798
2473,39.38,0.798
2474,39.38,0.798
2475,39.38,0.798
2476,39.38,0.798
2477,39.38,0.798
2478,39.38,0.798
2479,39.38,0.798
2480,39.38,0.798
2481,39.38,0.798
2482,39.38,0.798
2483,39.38,0.798
2484,39.38,0.798
2485,39.38,0.798
2486,39.38,0.798
2487,39.38,0.798
2488,39.38,0.798
2489,39.38,0.798
2490,39.38,0.798
2491,39.38,0.798
2492,39.38,0.798
2493,39.38,0.798
2494,39.38,0.798
2495,39.38,0.798
2496,39.38,0.798
2497,39.38,0.798
2498,39.38,0.798
2499,39.38,0.798
2500,39.38,0.798
2501,39.38,0.798
2502,39.38,0.798
2503,39.38,0.798
2504,39.38,0.798
2505,39.38,0.798
2506,39.38,0.798
2507,39.38,0.798
2508,39.38,0.798
2509,39.38,0.798
2510,39.38,0.798
2511,39.38,0.798
2512,39.38,0.798
2513,39.38,0.798
2514,39.38,0.798
2515,39.38,0.798
2516,39.38,0.798
2517,39.38,0.798
2518,39.38,0.798
2519,39.38,0.798
2520,39.38,0.798
2521,39.38,0.798
2522,39.38,0.798
2523,39.38,0.798
2524,39.38,0.798
2525,39.38,0.798
2526,39.38,0.798
2527,39.38,0.798
2528,39.38,0.798
2529,39.38,0.798
2530,39.38,0.798
2531,39.38,0.798
2532,39.38,0.798
2533,39.38,0.798
2534,39.38,0.798
2535,39.38,0.798
2536,39.38,0.798
2537,39.38,0.798
2538,39.38,0.798
2539,39.38,0.798
2540,39.38,0.798
2541,39.38,0.798
2542,39.38,0.798
2543,39.38,0.798
2544,39.38,0.798
2545,39.38,0.798
2546,39.38,0.798
2547,39.38,0.798
2548,39.38,0.798
2549,39.38,0.798
2550,39.38,0.798
2551,39.38,0.798
2552,39.38,0.798
2553,39.38,0.798
2554,39.38,0.798
2555,39.38,0.798
2556,39.38,0.798
2557,39.38,0.798
2558,39.38,0.798
2559,39.38,0.798
2560,39.38,0.798
2561,39.38,0.798
2562,39.38,0.798
2563,39.38,0.798
2564,39.38,0.798
2565,39.38,0.798
2566,39.38,0.798
2567,39.38,0.798
2568,39.38,0.798
2569,39.38,0.798
2570,39.38,0.798
2571,39.38,0.798
2572,39.38,0.798
2573,39.38,0.798
2574,39.38,0.798
2575,39.38,0.798
2576,39.38,0.798
2577,39.38,0.798
2578,39.38,0.798
2579,39.38,0.798
2580,39.38,0.798
2581,39.38,0.798
2582,39.38,0.798
2583,39.38,0.798
2584,39.38,0.798
2585,39.38,0.798
2586,39.38,0.798
2587,39.38,0.798
2588,39.38,0.798
2589,39.38,0.798
2590,39.38,0.798
2591,39.38,0.798
2592,39.38,0.798
2593,39.38,0.798
2594,39.38,0.798
2595,39.38,0.798
2596,39.38,0.798
2597,39.38,0.798
2598,39.38,0.798
2599,39.38,0.798
2600,39.38,0.798
2601,39.38,0.798
2602,39.38,0.798
2603,39.38,0.798
2604,39.38,0.798
2605,39.38,0.798
2606,39.38,0.798
2607,39.38,0.798
2608,39.38,0.798
2609,39.38,0.798
2610,39.38,0.798
2611,39.38,0.798
2612,39.38,0.798
2613,39.38,0.798
2614,39.38,0.798
2615,39.38,0.798
2616,39.38,0.798
2617,39.38,0.798
2618,39.38,0.798
2619,39.38,0.798
2620,39.38,0.798
2621,39.38,0.798
2622,39.38,0.798
2623,39.38,0.798
2624,39.38,0.798
2625,39.38,0.798
2626,39.38,0.798
2627,39.38,0.798
2628,39.38,0.798
2629,39.38,0.798
2630,39.38,0.798
2631,39.38,0.798
2632,39.38,0.798
2633,39.38,0.798
2634,39.38,0.798
2635,39.38,0.798
2636,39.38,0.798
2637,39.38,0.798
2638,39.38,0.798
2639,39.38,0.798
2640,39.38,0.798
2641,39.38,0.798
2642,39.38,0.798
2643,39.38,0.798
2644,39.38,0.798
2645,39.38,0.798
2646,39.38,0.798
2647,39.38,0.798
2648,39.38,0.798
2649,39.38,0.798
2650,39.38,0.798
2651,39.38,0.798
2652,39.38,0.798
2653,39.38,0.798
2654,39.38,0.798
2655,39.38,0.798
2656,39.38,0.798
2657,39.38,0.798
2658,39.38,0.798
2659,39.38,0.798
2660,39.38,0.798
2661,39.38,0.798
2662,39.38,0.798
2663,39.38,0.798
2664,39.38,0.798
2665,39.38,0.798
2666,39.38,0.798
2667,39.38,0.798
2668,39.38,0.798
2669,39.38,0.798
2670,39.38,0.798
2671,39.38,0.798
2672,39.38,0.798
2673,39.38,0.798
2674,39.38,0.798
2675,39.38,0.798
2676,39.38,0.798
2677,39.38,0.798
2678,39.38,0.798
2679,39.38,0.798
2680,39.38,0.798
2681,39.38,0.798
2682,39.38,0.798
2683,39.38,0.798
2684,39.38,0.798
2685,39.38,0.798
2686,39.38,0.798
2687,39.38,0.798
2688,39.38,0.798
2689,39.38,0.798
2690,39.38,0.798
2691,39.38,0.798
2692,39.38,0.798
2693,39.38,0.798
2694,39.38,0.798
2695,39.38,0.798
2696,39.38,0.798
2697,39.38,0.798
2698,39.38,0.798
2699,39.38,0.798
2700,39.38,0.798
2701,39.38,0.798
2702,39.38,0.798
2703,39.38,0.798
2704,39.38,0.798
2705,39.38,0.798
2706,39.38,0.798
2707,39.38,0.798
2708,39.38,0.798
2709,39.38,0.798
2710,39.38,0.798
2711,39.38,0.798
2712,39.38,0.798
2713,39.38,0.798
2714,39.38,0.798
2715,39.38,0.798
2716,39.38,0.798
2717,39.38,0.798
2718,39.38,0.798
2719,39.38,0.798
2720,39.38,0.798
2721,39.38,0.798
2722,39.38,0.798
2723,39.38,0.798
2724,39.38,0.798
2725,39.38,0.798
2726,39.38,0.798
2727,39.38,0.798
2728,39.38,0.798
2729,39.38,0.798
2730,39.38,0.798
2731,39.38,0.798
2732,39.38,0.798
2733,39.38,0.798
2734,39.38,0.798
2735,39.38,0.798
2736,39.38,0.798
2737,39.38,0.798
2738,39.38,0.798
2739,39.38,0.798
2740,39.38,0.798
2741,39.38,0.798
2742,39.38,0.798
2743,39.38,0.798
2744,39.38,0.798
2745,39.38,0.798
2746,39.38,0.798
2747,39.38,0.798
2748,39.38,0.798
2749,39.38,0.798
2750,39.38,0.798
2751,39.38,0.798
2752,39.38,0.798
2753,39.38,0.798
2754,39.38,0.798
2755,39.38,0.798
2756,39.38,0.798
2757,39.38,0.798
2758,39.38,0.798
2759,39.38,0.798
2760,39.38,0.798
2761,39.38,0.798
2762,39.38,0.798
2763,39.38,0.798
2764,39.38,0.798
2765,39.38,0.798
2766,39.38,0.798
2767,39.38,0.798
2768,39.38,0.798
2769,39.38,0.798
2770,39.38,0.798
2771,39.38,0.798
2772,39.38,0.798
2773,39.38,0.798
2774,39.38,0.798
2775,39.38,0.798
2776,39.38,0.798
2777,39.38,0.798
2778,39.38,0.798
2779,39.38,0.798
2780,39.38,0.798
2781,39.38,0.798
2782,39.38,0.798
2783,39.38,0.798
2784,39.38,0.798
2785,39.38,0.798
2786,39.38,0.798
2787,39.38,0.798
2788,39.38,0.798
2789,39.38,0.798
2790,39.38,0.798
2791,39.38,0.798
2792,39.38,0.798
2793,39.38,0.798
2794,39.38,0.798
2795,39.38,0.798
2796,39.38,0.798
2797,39.38,0.798
2798,39.38,0.798
2799,39.38,0.798
2800,39.38,0.798
2801,39.38,0.798
2802,39.38,0.798
2803,39.38,0.798
2804,39.38,0.798
2805,39.38,0.798
2806,39.38,0.798
2807,39.38,0.798
2808,39.38,0.798
2809,39.38,0.798
2810,39.38,0.798
2811,39.38,0.798
2812,39.38,0.798
2813,39.38,0.798
2814,39.38,0.798
2815,39.38,0.798
2816,39.38,0.798
2817,39.38,0.798
2818,39.38,0.798
2819,39.38,0.798
2820,39.38,0.798
2821,39.38,0.798
2822,39.38,0.798
2823,39.38,0.798
2824,39.38,0.798
2825,39.38,0.798
2826,39.38,0.798
2827,39.38,0.798
2828,39.38,0.798
2829,39.38,0.798
2830,39.38,0.798
2831,39.38,0.798
2832,39.38,0.798
2833,39.38,0.798
2834,39.38,0.798
2835,39.38,0.798
2836,39.38,0.798
2837,39.38,0.798
2838,39.38,0.798
2839,39.38,0.798
2840,39.38,0.798
2841,39.38,0.798
2842,39.38,0.798
2843,39.38,0.798
2844,39.38,0.798
2845,39.38,0.798
2846,39.38,0.798
2847,39.38,0.798
2848,39.38,0.798
2849,39.38,0.798
2850,39.38,0.798
2851,39.38,0.798
2852,39.38,0.798
2853,39.38,0.798
2854,39.38,0.798
2855,39.38,0.798
2856,39.38,0.798
2857,39.38,0.798
2858,39.38,0.798
2859,39.38,0.798
2860,39.38,0.798
2861,39.38,0.798
2862,39.38,0.798
2863,39.38,0.798
2864,39.38,0.798
2865,39.38,0.798
2866,39.38,0.798
2867,39.38,0.798
2868,39.38,0.798
2869,39.38,0.798
2870,39.38,0.798
2871,39.38,0.798
2872,39.38,0.798
2873,39.38,0.798
2874,39.38,0.798
2875,39.38,0.798
2876,39.38,0.798
2877,39.38,0.798
2878,39.38,0.798
2879,39.38,0.798
2880,39.38,0.798
2881,39.38,0.798
2882,39.38,0.798
2883,39.38,0.798
2884,39.38,0.798
2885,39.38,0.798
2886,39.38,0.798
2887,39.38,0.798
2888,39.38,0.798
2889,39.38,0.798
2890,39.38,0.798
2891,39.38,0.798
2892,39.38,0.798
2893,39.38,0.798
2894,39.38,0.798
2895,39.38,0.798
2896,39.38,0.798
2897,39.38,0.798
2898,39.38,0.798
2899,39.38,0.798
2900,39.38,0.798
2901,39.38,0.798
2902,39.38,0.798
2903,39.38,0.798
2904,39.38,0.798
2905,39.38,0.798
2906,39.38,0.798
2907,39.38,0.798
2908,39.38,0.798
2909,39.38,0.798
2910,39.38,0.798
2911,39.38,0.798
2912,39.38,0.798
2913,39.38,0.798
2914,39.38,0.798
2915,39.38,0.798
2916,39.38,0.798
2917,39.38,0.798
2918,39.38,0.798
2919,39.38,0.798
2920,39.38,0.798
2921,39.38,0.798
2922,39.38,0.798
2923,39.38,0.798
2924,39.38,0.798
2925,39.38,0.798
2926,39.38,0.798
2927,39.38,0.798
2928,39.38,0.798
2929,39.38,0.798
2930,39.38,0.798
2931,39.38,0.798
2932,39.38,0.798
2933,39.38,0.798
2934,39.38,0.798
2935,39.38,0.798
2936,39.38,0.798
2937,39.38,0.798
2938,39.38,0.798
2939,39.38,0.798
2940,39.38,0.798
2941,39.38,0.798
2942,39.38,0.798
2943,39.38,0.798
2944,39.38,0.798
2945,39.38,0.798
2946,39.38,0.798
2947,39.38,0.798
2948,39.38,0.798
2949,39.38,0.798
2950,39.38,0.798
2951,39.38,0.798
2952,39.38,0.798
2953,39.38,0.798
2954,39.38,0.798
2955,39.38,0.798
2956,39.38,0.798
2957,39.38,0.798
2958,39.38,0.798
2959,39.38,0.798
2960,39.38,0.798
2961,39.38,0.798
2962,39.38,0.798
2963,39.38,0.798
2964,39.38,0.798
2965,39.38,0.798
2966,39.38,0.798
2967,39.38,0.798
2968,39.38,0.798
2969,39.38,0.798
2970,39.38,0.798
2971,39.38,0.798
2972,39.38,0.798
2973,39.38,0.798
2974,39.38,0.798
2975,39.38,0.798
2976,39.38,0.798
2977,39.38,0.798
2978,39.38,0.798
2979,39.38,0.798
2980,39.38,0.798
2981,39.38,0.798
2982,39.38,0.798
2983,39.38,0.798
2984,39.38,0.798
2985,39.38,0.798
2986,39.38,0.798
2987,39.38,0.798
2988,39.38,0.798
2989,39.38,0.798
2990,39.38,0.798
2991,39.38,0.798
2992,39.38,0.798
2993,39.38,0.798
2994,39.38,0.798
2995,39.38,0.798
2996,39.38,0.798
2997,39.38,0.798
2998,39.38,0.798
2999,39.38,0.798
3000,39.38,0.798
3001,39.38,0.798
3002,39.38,0.798
3003,39.38,0.798
3004,39.38,0.798
3005,39.38,0.798
3006,39.38,0.798
3007,39.38,0.798
3008,39.38,0.798
3009,39.38,0.798
3010,39.38,0.798
3011,39.38,0.798
3012,39.38,0.798
3013,39.38,0.798
3014,39.38,0.798
3015,39.38,0.798
3016,39.38,0.798
3017,39.38,0.798
3018,39.38,0.798
3019,39.38,0.798
3020,39.38,0.798
3021,39.38,0.798
3022,39.38,0.798
3023,39.38,0.798
3024,39.38,0.798
3025,39.38,0.798
3026,39.38,0.798
3027,39.38,0.798
3028,39.38,0.798
3029,39.38,0.798
3030,39.38,0.798
3031,39.38,0.798
3032,39.38,0.798
3033,39.38,0.798
3034,39.38,0.798
3035,39.38,0.798
3036,39.38,0.798
3037,39.38,0.798
3038,39.38,0.798
3039,39.38,0.798
3040,39.38,0.798
3041,39.38,0.798
3042,39.38,0.798
3043,39.38,0.798
3044,39.38,0.798
3045,39.38,0.798
3046,39.38,0.798
3047,39.38,0.798
3048,39.38,0.798
3049,39.38,0.798
3050,39.38,0.798
3051,39.38,0.798
3052,39.38,0.798
3053,39.38,0.798
3054,39.38,0.798
3055,39.38,0.798
3056,39.38,0.798
3057,39.38,0.798
3058,39.38,0.798
3059,39.38,0.798
3060,39.38,0.798
3061,39.38,0.798
3062,39.38,0.798
3063,39.38,0.798
3064,39.38,0.798
3065,39.38,0.798
3066,39.38,0.798
3067,39.38,0.798
3068,39.38,0.798
3069,39.38,0.798
3070,39.38,0.798
3071,39.38,0.798
3072,39.38,0.798
3073,39.38,0.798
3074,39.38,0.798
3075,39.38,0.798
3076,39.38,0.798
3077,39.38,0.798
3078,39.38,0.798
3079,39.38,0.798
3080,39.38,0.798
3081,39.38,0.798
3082,39.38,0.798
3083,39.38,0.798
3084,39.38,0.798
3085,39.38,0.798
3086,39.38,0.798
3087,39.38,0.798
3088,39.38,0.798
3089,39.38,0.798
3090,39.38,0.798
3091,39.38,0.798
3092,39.38,0.798
3093,39.38,0.798
3094,39.38,0.798
3095,39.38,0.798
3096,39.38,0.798
3097,39.38,0.798
3098,39.38,0.798
3099,39.38,0.798
3100,39.38,0.798
3101,39.38,0.798
3102,39.38,0.798
3103,39.38,0.798
3104,39.38,0.798
3105,39.38,0.798
3106,39.38,0.798
3107,39.38,0.798
3108,39.38,0.798
3109,39.38,0.798
3110,39.38,0.798
3111,39.38,0.798
3112,39.38,0.798
3113,39.38,0.798
3114,39.38,0.798
3115,39.38,0.798
3116,39.38,0.798
3117,39.38,0.798
3118,39.38,0.798
3119,39.38,0.798
3120,39.38,0.798
3121,39.38,0.798
3122,39.38,0.798
3123,39.38,0.798
3124,39.38,0.798
3125,39.38,0.798
3126,39.38,0.798
3127,39.38,0.798
3128,39.38,0.798
3129,39.38,0.798
3130,39.38,0.798
3131,39.38,0.798
3132,39.38,0.798
3133,39.38,0.798
3134,39.38,0.798
3135,39.38,0.798
3136,39.38,0.798
3137,39.38,0.798
3138,39.38,0.798
3139,39.38,0.798
3140,39.38,0.798
3141,39.38,0.798
3142,39.38,0.798
3143,39.38,0.798
3144,39.38,0.798
3145,39.38,0.798
3146,39.38,0.798
3147,39.38,0.798
3148,39.38,0.798
3149,39.38,0.798
3150,39.38,0.798
3151,39.38,0.798
3152,39.38,0.798
3153,39.38,0.798
3154,39.38,0.798
3155,39.38,0.798
3156,39.38,0.798
3157,39.38,0.798
3158,39.38,0.798
3159,39.38,0.798
3160,39.38,0.798
3161,39.38,0.798
3162,39.38,0.798
3163,39.38,0.798
3164,39.38,0.798
3165,39.38,0.798
3166,39.38,0.798
3167,39.38,0.798
3168,39.38,0.798
3169,39.38,0.798
3170,39.38,0.798
3171,39.38,0.798
3172,39.38,0.798
3173,39.38,0.798
3174,39.38,0.798
3175,39.38,0.798
3176,39.38,0.798
3177,39.38,0.798
3178,39.38,0.798
3179,39.38,0.798
3180,39.38,0.798
3181,39.38,0.798
3182,39.38,0.798
3183,39.38,0.798
3184,39.38,0.798
3185,39.38,0.798
3186,39.38,0.798
3187,39.38,0.798
3188,39.38,0.798
3189,39.38,0.798
3190,39.38,0.798
3191,39.38,0.798
3192,39.38,0.798
3193,39.38,0.798
3194,39.38,0.798
3195,39.38,0.798
3196,39.38,0.798
3197,39.38,0.798
3198,39.38,0.798
3199,39.38,0.798
3200,39.38,0.798
3201,39.38,0.798
3202,39.38,0.798
3203,39.38,0.798
3204,39.38,0.798
3205,39.38,0.798
3206,39.38,0.798
3207,39.38,0.798
3208,39.38,0.798
3209,39.38,0.798
3210,39.38,0.798
3211,39.38,0.798
3212,39.38,0.798
3213,39.38,0.798
3214,39.38,0.798
3215,39.38,0.798
3216,39.38,0.798
3217,39.38,0.798
3218,39.38,0.798
3219,39.38,0.798
3220,39.38,0.798
3221,39.38,0.798
3222,39.38,0.798
3223,39.38,0.798
3224,39.38,0.798
3225,39.38,0.798
3226,39.38,0.798
3227,39.38,0.798
3228,39.38,0.798
3229,39.38,0.798
3230,39.38,0.798
3231,39.38,0.798
3232,39.38,0.798
3233,39.38,0.798
3234,39.38,0.798
3235,39.38,0.798
3236,39.38,0.798
3237,39.38,0.798
3238,39.38,0.798
3239,39.38,0.798
3240,39.38,0.798
3241,39.38,0.798
3242,39.38,0.798
3243,39.38,0.798
3244,39.38,0.798
3245,39.38,0.798
3246,39.38,0.798
3247,39.38,0.798
3248,39.38,0.798
3249,39.38,0.798
3250,39.38,0.798
3251,39.38,0.798
3252,39.38,0.798
3253,39.38,0.798
3254,39.38,0.798
3255,39.38,0.798
3256,39.38,0.798
3257,39.38,0.798
3258,39.38,0.798
3259,39.38,0.798
3260,39.38,0.798
3261,39.38,0.798
3262,39.38,0.798
3263,39.38,0.798
3264,39.38,0.798
3265,39.38,0.798
3266,39.38,0.798
3267,39.38,0.798
3268,39.38,0.798
3269,39.38,0.798
3270,39.38,0.798
3271,39.38,0.798
3272,39.38,0.798
3273,39.38,0.798
3274,39.38,0.798
3275,39.38,0.798
3276,39.38,0.798
3277,39.38,0.798
3278,39.38,0.798
3279,39.38,0.798
3280,39.38,0.798
3281,39.38,0.798
3282,39.38,0.798
3283,39.38,0.798
3284,39.38,0.798
3285,39.38,0.798
3286,39.38,0.798
3287,39.38,0.798
3288,39.38,0.798
3289,39.38,0.798
3290,39.38,0.798
3291,39.38,0.798
3292,39.38,0.798
3293,39.38,0.798
3294,39.38,0.798
3295,39.38,0.798
3296,39.38,0.798
3297,39.38,0.798
3298,39.38,0.798
3299,39.38,0.798
3300,39.38,0.798
3301,39.38,0.798
3302,39.38,0.798
3303,39.38,0.798
3304,39.38,0.798
3305,39.38,0.798
3306,39.38,0.798
3307,39.38,0.798
3308,39.38,0.798
3309,39.38,0.798
3310,39.38,0.798
3311,39.38,0.798
3312,39.38,0.798
3313,39.38,0.798
3314,39.38,0.798
3315,39.38,0.798
3316,39.38,0.798
3317,39.38,0.798
3318,39.38,0.798
3319,39.38,0.798
3320,39.38,0.798
3321,39.38,0.798
3322,39.38,0.798
3323,39.38,0.798
3324,39.38,0.798
3325,39.38,0.798
3326,39.38,0.798
3327,39.38,0.798
3328,39.38,0.798
3329,39.38,0.798
3330,39.38,0.798
3331,39.38,0.798
3332,39.38,0.798
3333,39.38,0.798
3334,39.38,0.798
3335,39.38,0.798
3336,39.38,0.798
3337,39.38,0.798
3338,39.38,0.798
3339,39.38,0.798
3340,39.38,0.798
3341,39.38,0.798
3342,39.38,0.798
3343,39.38,0.798
3344,39.38,0.798
3345,39.38,0.798
3346,39.38,0.798
3347,39.38,0.798
3348,39.38,0.798
3349,39.38,0.798
3350,39.38,0.798
3351,39.38,0.798
3352,39.38,0.798
3353,39.38,0.798
3354,39.38,0.798
3355,39.38,0.798
3356,39.38,0.798
3357,39.38,0.798
3358,39.38,0.798
3359,39.38,0.798
3360,39.38,0.798
3361,39.38,0.798
3362,39.38,0.798
3363,39.38,0.798
3364,39.38,0.798
3365,39.38,0.798
3366,39.38,0.798
3367,39.38,0.798
3368,39.38,0.798
3369,39.38,0.798
3370,39.38,0.798
3371,39.38,0.798
3372,39.38,0.798
3373,39.38,0.798
3374,39.38,0.798
3375,39.38,0.798
3376,39.38,0.798
3377,39.38,0.798
3378,39.38,0.798
3379,39.38,0.798
3380,39.38,0.798
3381,39.38,0.798
3382,39.38,0.798
3383,39.38,0.798
3384,39.38,0.798
3385,39.38,0.798
3386,39.38,0.798
3387,39.38,0.798
3388,39.38,0.798
3389,39.38,0.798
3390,39.38,0.798
3391,39.38,0.798
3392,39.38,0.798
3393,39.38,0.798
3394,39.38,0.798
3395,39.38,0.798
3396,39.38,0.798
3397,39.38,0.798
3398,39.38,0.798
3399,39.38,0.798
3400,39.38,0.798
3401,39.38,0.798
3402,39.38,0.798
3403,39.38,0.798
3404,39.38,0.798
3405,39.38,0.798
3406,39.38,0.798
3407,39.38,0.798
3408,39.38,0.798
3409,39.38,0.798
3410,39.38,0.798
3411,39.38,0.798
3412,39.38,0.798
3413,39.38,0.798
3414,39.38,0.798
3415,39.38,0.798
3416,39.38,0.798
3417,39.38,0.798
3418,39.38,0.798
3419,39.38,0.798
3420,39.38,0.798
3421,39.38,0.798
3422,39.38,0.798
3423,39.38,0.798
3424,39.38,0.798
3425,39.38,0.798
3426,39.38,0.798
3427,39.38,0.798
3428,39.38,0.798
3429,39.38,0.798
3430,39.38,0.798
3431,39.38,0.798
3432,39.38,0.798
3433,39.38,0.798
3434,39.38,0.798
3435,39.38,0.798
3436,39.38,0.798
3437,39.38,0.798
3438,39.38,0.798
3439,39.38,0.798
3440,39.38,0.798
3441,39.38,0.798
3442,39.38,0.798
3443,39.38,0.798
3444,39.38,0.798
3445,39.38,0.798
3446,39.38,0.798
3447,39.38,0.798
3448,39.38,0.798
3449,39.38,0.798
3450,39.38,0.798
3451,39.38,0.798
3452,39.38,0.798
3453,39.38,0.798
3454,39.38,0.798
3455,39.38,0.798
3456,39.38,0.798
3457,39.38,0.798
3458,39.38,0.798
3459,39.38,0.798
3460,39.38,0.798
3461,39.38,0.798
3462,39.38,0.798
3463,39.38,0.798
3464,39.38,0.798
3465,39.38,0.798
3466,39.38,0.798
3467,39.38,0.798
3468,39.38,0.798
3469,39.38,0.798
3470,39.38,0.798
3471,39.38,0.798
3472,39.38,0.798
3473,39.38,0.798
3474,39.38,0.798
3475,39.38,0.798
3476,39.38,0.798
3477,39.38,0.798
3478,39.38,0.798
3479,39.38,0.798
3480,39.38,0.798
3481,39.38,0.798
3482,39.38,0.798
3483,39.38,0.798
3484,39.38,0.798
3485,39.38,0.798
3486,39.38,0.798
3487,39.38,0.798
3488,39.38,0.798
3489,39.38,0.798
3490,39.38,0.798
3491,39.38,0.798
3492,39.38,0.798
3493,39.38,0.798
3494,39.38,0.798
3495,39.38,0.798
3496,39.38,0.798
3497,39.38,0.798
3498,39.38,0.798
3499,39.38,0.798
3500,39.38,0.798
3501,39.38,0.798
3502,39.38,0.798
3503,39.38,0.798
3504,39.38,0.798
3505,39.38,0.798
3506,39.38,0.798
3507,39.38,0.798
3508,39.38,0.798
3509,39.38,0.798
3510,39.38,0.798
3511,39.38,0.798
3512,39.38,0.798
3513,39.38,0.798
3514,39.38,0.798
3515,39.38,0.798
3516,39.38,0.798
3517,39.38,0.798
3518,39.38,0.798
3519,39.38,0.798
3520,39.38,0.798
3521,39.38,0.798
3522,39.38,0.798
3523,39.38,0.798
3524,39.38,0.798
3525,39.38,0.798
3526,39.38,0.798
3527,39.38,0.798
3528,39.38,0.798
3529,39.38,0.798
3530,39.38,0.798
3531,39.38,0.798
3532,39.38,0.798
3533,39.38,0.798
3534,39.38,0.798
3535,39.38,0.798
3536,39.38,0.798
3537,39.38,0.798
3538,39.38,0.798
3539,39.38,0.798
3540,39.38,0.798
3541,39.38,0.798
3542,39.38,0.798
3543,39.38,0.798
3544,39.38,0.798
3545,39.38,0.798
3546,39.38,0.798
3547,39.38,0.798
3548,39.38,0.798
3549,39.38,0.798
3550,39.38,0.798
3551,39.38,0.798
3552,39.38,0.798
3553,39.38,0.798
3554,39.38,0.798
3555,39.38,0.798
3556,39.38,0.798
3557,39.38,0.798
3558,39.38,0.798
3559,39.38,0.798
3560,39.38,0.798
3561,39.38,0.798
3562,39.38,0.798
3563,39.38,0.798
3564,39.38,0.798
3565,39.38,0.798
3566,39.38,0.798
3567,39.38,0.798
3568,39.38,0.798
3569,39.38,0.798
3570,39.38,0.798
3571,39.38,0.798
3572,39.38,0.798
3573,39.38,0.798
3574,39.38,0.798
3575,39.38,0.798
3576,39.38,0.798
3577,39.38,0.798
3578,39.38,0.798
3579,39.38,0.798
3580,39.38,0.798
3581,39.38,0.798
3582,39.38,0.798
3583,39.38,0.798
3584,39.38,0.798
3585,39.38,0.798
3586,39.38,0.798
3587,39.38,0.798
3588,39.38,0.798
3589,39.38,0.798
3590,39.38,0.798
3591,39.38,0.798
3592,39.38,0.798
3593,39.38,0.798
3594,39.38,0.798
3595,39.38,0.798
3596,39.38,0.798
3597,39.38,0.798
3598,39.38,0.798
3599,39.38,0.798
3600,39.38,0.798
3601,39.38,0.798
3602,39.38,0.798
3603,39.38,0.798
3604,39.38,0.798
3605,39.38,0.798
3606,39.38,0.798
3607,39.38,0.798
3608,39.38,0.798
3609,39.38,0.798
3610,39.38,0.798
3611,39.38,0.798
3612,39.38,0.798
3613,39.38,0.798
3614,39.38,0.798
3615,39.38,0.798
3616,39.38,0.798
3617,39.38,0.798
3618,39.38,0.798
3619,39.38,0.798
3620,39.38,0.798
3621,39.38,0.798
3622,39.38,0.798
3623,39.38,0.798
3624,39.38,0.798
3625,39.38,0.798
3626,39.38,0.798
3627,39.38,0.798
3628,39.38,0.798
3629,39.38,0.798
3630,39.38,0.798
3631,39.38,0.798
3632,39.38,0.798
3633,39.38,0.798
3634,39.38,0.798
3635,39.38,0.798
3636,39.38,0.798
3637,39.38,0.798
3638,39.38,0.798
3639,39.38,0.798
3640,39.38,0.798
3641,39.38,0.798
3642,39.38,0.798
3643,39.38,0.798
3644,39.38,0.798
3645,39.38,0.798
3646,39.38,0.798
3647,39.38,0.798
3648,39.38,0.798
3649,39.38,0.798
3650,39.38,0.798
3651,39.38,0.798
3652,39.38,0.798
3653,39.38,0.798
3654,39.38,0.798
3655,39.38,0.798
3656,39.38,0.798
3657,39.38,0.798
3658,39.38,0.798
3659,39.38,0.798
3660,39.38,0.798
3661,39.38,0.798
3662,39.38,0.798
3663,39.38,0.798
3664,39.38,0.798
3665,39.38,0.798
3666,39.38,0.798
3667,39.38,0.798
3668,39.38,0.798
3669,39.38,0.798
3670,39.38,0.798
3671,39.38,0.798
3672,39.38,0.798
3673,39.38,0.798
3674,39.38,0.798
3675,39.38,0.798
3676,39.38,0.798
3677,39.38,0.798
3678,39.38,0.798
3679,39.38,0.798
3680,39.38,0.798
3681,39.38,0.798
3682,39.38,0.798
3683,39.38,0.798
3684,39.38,0.798
3685,39.38,0.798
3686,39.38,0.798
3687,39.38,0.798
3688,39.38,0.798
3689,39.38,0.798
3690,39.38,0.798
3691,39.38,0.798
3692,39.38,0.798
3693,39.38,0.798
3694,39.38,0.798
3695,39.38,0.798
3696,39.38,0.798
3697,39.38,0.798
3698,39.38,0.798
3699,39.38,0.798
3700,39.38,0.798
3701,39.38,0.798
3702,39.38,0.798
3703,39.38,0.798
3704,39.38,0.798
3705,39.38,0.798
3706,39.38,0.798
3707,39.38,0.798
3708,39.38,0.798
3709,39.38,0.798
3710,39.38,0.798
3711,39.38,0.798
3712,39.38,0.798
3713,39.38,0.798
3714,39.38,0.798
3715,39.38,0.798
3716,39.38,0.798
3717,39.38,0.798
3718,39.38,0.798
3719,39.38,0.798
3720,39.38,0.798
3721,39.38,0.798
3722,39.38,0.798
3723,39.38,0.798
3724,39.38,0.798
3725,39.38,0.798
3726,39.38,0.798
3727,39.38,0.798
3728,39.38,0.798
3729,39.38,0.798
3730,39.38,0.798
3731,39.38,0.798
3732,39.38,0.798
3733,39.38,0.798
3734,39.38,0.798
3735,39.38,0.798
3736,39.38,0.798
3737,39.38,0.798
3738,39.38,0.798
3739,39.38,0.798
3740,39.38,0.798
3741,39.38,0.798
3742,39.38,0.798
3743,39.38,0.798
3744,39.38,0.798
3745,39.38,0.798
3746,39.38,0.798
3747,39.38,0.798
3748,39.38,0.798
3749,39.38,0.798
3750,39.38,0.798
3751,39.38,0.798
3752,39.38,0.798
3753,39.38,0.798
3754,39.38,0.798
3755,39.38,0.798
3756,39.38,0.798
3757,39.38,0.798
3758,39.38,0.798
3759,39.38,0.798
3760,39.38,0.798
3761,39.38,0.798
3762,39.38,0.798
3763,39.38,0.798
3764,39.38,0.798
3765,39.38,0.798
3766,39.38,0.798
3767,39.38,0.798
3768,39.38,0.798
3769,39.38,0.798
3770,39.38,0.798
3771,39.38,0.798
3772,39.38,0.798
3773,39.38,0.798
3774,39.38,0.798
3775,39.38,0.798
3776,39.38,0.798
3777,39.38,0.798
3778,39.38,0.798
3779,39.38,0.798
3780,39.38,0.798
3781,39.38,0.798
3782,39.38,0.798
3783,39.38,0.798
3784,39.38,0.798
3785,39.38,0.798
3786,39.38,0.798
3787,39.38,0.798
3788,39.38,0.798
3789,39.38,0.798
3790,39.38,0.798
3791,39.38,0.798
3792,39.38,0.798
3793,39.38,0.798
3794,39.38,0.798
3795,39.38,0.798
3796,39.38,0.798
3797,39.38,0.798
3798,39.38,0.798
3799,39.38,0.798
3800,39.38,0.798
3801,39.38,0.798
3802,39.38,0.798
3803,39.38,0.798
3804,39.38,0.798
3805,39.38,0.798
3806,39.38,0.798
3807,39.38,0.798
3808,39.38,0.798
3809,39.38,0.798
3810,39.38,0.798
3811,39.38,0.798
3812,39.38,0.798
3813,39.38,0.798
3814,39.38,0.798
3815,39.38,0.798
3816,39.38,0.798
3817,39.38,0.798
3818,39.38,0.798
3819,39.38,0.798
3820,39.38,0.798
3821,39.38,0.798
3822,39.38,0.798
3823,39.38,0.798
3824,39.38,0.798
3825,39.38,0.798
3826,39.38,0.798
3827,39.38,0.798
3828,39.38,0.798
3829,39.38,0.798
3830,39.38,0.798
3831,39.38,0.798
3832,39.38,0.798
3833,39.38,0.798
3834,39.38,0.798
3835,39.38,0.798
3836,39.38,0.798
3837,39.38,0.798
3838,39.38,0.798
3839,39.38,0.798
3840,39.38,0.798
3841,39.38,0.798
3842,39.38,0.798
3843,39.38,0.798
3844,39.38,0.798
3845,39.38,0.798
3846,39.38,0.798
3847,39.38,0.798
3848,39.38,0.798
3849,39.38,0.798
3850,39.38,0.798
3851,39.38,0.798
3852,39.38,0.798
3853,39.38,0.798
3854,39.38,0.798
3855,39.38,0.798
3856,39.38,0.798
3857,39.38,0.798
3858,39.38,0.798
3859,39.38,0.798
3860,39.38,0.798
3861,39.38,0.798
3862,39.38,0.798
3863,39.38,0.798
3864,39.38,0.798
3865,39.38,0.798
3866,39.38,0.798
3867,39.38,0.798
3868,39.38,0.798
3869,39.38,0.798
3870,39.38,0.798
3871,39.38,0.798
3872,39.38,0.798
3873,39.38,0.798
3874,39.38,0.798
3875,39.38,0.798
3876,39.38,0.798
3877,39.38,0.798
3878,39.38,0.798
3879,39.38,0.798
3880,39.38,0.798
3881,39.38,0.798
3882,39.38,0.798
3883,39.38,0.798
3884,39.38,0.798
3885,39.38,0.798
3886,39.38,0.798
3887,39.38,0.798
3888,39.38,0.798
3889,39.38,0.798
3890,39.38,0.798
3891,39.38,0.798
3892,39.38,0.798
3893,39.38,0.798
3894,39.38,0.798
3895,39.38,0.798
3896,39.38,0.798
3897,39.38,0.798
3898,39.38,0.798
3899,39.38,0.798
3900,39.38,0.798
3901,39.38,0.798
3902,39.38,0.798
3903,39.38,0.798
3904,39.38,0.798
3905,39.38,0.798
3906,39.38,0.798
3907,39.38,0.798
3908,39.38,0.798
3909,39.38,0.798
3910,39.38,0.798
3911,39.38,0.798
3912,39.38,0.798
3913,39.38,0.798
3914,39.38,0.798
3915,39.38,0.798
3916,39.38,0.798
3917,39.38,0.798
3918,39.38,0.798
3919,39.38,0.798
3920,39.38,0.798
3921,39.38,0.798
3922,39.38,0.798
3923,39.38,0.798
3924,39.38,0.798
3925,39.38,0.798
3926,39.38,0.798
3927,39.38,0.798
3928,39.38,0.798
3929,39.38,0.798
3930,39.38,0.798
3931,39.38,0.798
3932,39.38,0.798
3933,39.38,0.798
3934,39.38,0.798
3935,39.38,0.798
3936,39.38,0.798
3937,39.38,0.798
3938,39.38,0.798
3939,39.38,0.798
3940,39.38,0.798
3941,39.38,0.798
3942,39.38,0.798
3943,39.38,0.798
3944,39.38,0.798
3945,39.38,0.798
3946,39.38,0.798
3947,39.38,0.798
3948,39.38,0.798
3949,39.38,0.798
3950,39.38,0.798
3951,39.38,0.798
3952,39.38,0.798
3953,39.38,0.798
3954,39.38,0.798
3955,39.38,0.798
3956,39.38,0.798
3957,39.38,0.798
3958,39.38,0.798
3959,39.38,0.798
3960,39.38,0.798
3961,39.38,0.798
3962,39.38,0.798
3963,39.38,0.798
3964,39.38,0.798
3965,39.38,0.798
3966,39.38,0.798
3967,39.38,0.798
3968,39.38,0.798
3969,39.38,0.798
3970,39.38,0.798
3971,39.38,0.798
3972,39.38,0.798
3973,39.38,0.798
3974,39.38,0.798
3975,39.38,0.798
3976,39.38,0.798
3977,39.38,0.798
3978,39.38,0.798
3979,39.38,0.798
3980,39.38,0.798
3981,39.38,0.798
3982,39.38,0.798
3983,39.38,0.798
3984,39.38,0.798
3985,39.38,0.798
3986,39.38,0.798
3987,39.38,0.798
3988,39.38,0.798
3989,39.38,0.798
3990,39.38,0.798
3991,39.38,0.798
3992,39.38,0.798
3993,39.38,0.798
3994,39.38,0.798
3995,39.38,0.798
3996,39.38,0.798
3997,39.38,0.798
3998,39.38,0.798
3999,39.38,0.798
4000,39.38,0.798
4001,39.38,0.798
4002,39.38,0.798
4003,39.38,0.798
4004,39.38,0.798
4005,39.38,0.798
4006,39.38,0.798
4007,39.38,0.798
4008,39.38,0.798
4009,39.38,0.798
4010,39.38,0.798
4011,39.38,0.798
4012,39.38,0.798
4013,39.38,0.798
4014,39.38,0.798
4015,39.38,0.798
4016,39.38,0.798
4017,39.38,0.798
4018,39.38,0.798
4019,39.38,0.798
4020,39.38,0.798
4021,39.38,0.798
4022,39.38,0.798
4023,39.38,0.798
4024,39.38,0.798
4025,39.38,0.798
4026,39.38,0.798
4027,39.38,0.798
4028,39.38,0.798
4029,39.38,0.798
4030,39.38,0.798
4031,39.38,0.798
4032,39.38,0.798
4033,39.38,0.798
4034,39.38,0.798
4035,39.38,0.798
4036,39.38,0.798
4037,39.38,0.798
4038,39.38,0.798
4039,39.38,0.798
4040,39.38,0.798
4041,39.38,0.798
4042,39.38,0.798
4043,39.38,0.798
4044,39.38,0.798
4045,39.38,0.798
4046,39.38,0.798
4047,39.38,0.798
4048,39.38,0.798
4049,39.38,0.798
4050,39.38,0.798
4051,39.38,0.798
4052,39.38,0.798
4053,39.38,0.798
4054,39.38,0.798
4055,39.38,0.798
4056,39.38,0.798
4057,39.38,0.798
4058,39.38,0.798
4059,39.38,0.798
4060,39.38,0.798
4061,39.38,0.798
4062,39.38,0.798
4063,39.38,0.798
4064,39.38,0.798
4065,39.38,0.798
4066,39.38,0.798
4067,39.38,0.798
4068,39.38,0.798
4069,39.38,0.798
4070,39.38,0.798
4071,39.38,0.798
4072,39.38,0.798
4073,39.38,0.798
4074,39.38,0.798
4075,39.38,0.798
4076,39.38,0.798
4077,39.38,0.798
4078,39.38,0.798
4079,39.38,0.798
4080,39.38,0.798
4081,39.38,0.798
4082,39.38,0.798
4083,39.38,0.798
4084,39.38,0.798
4085,39.38,0.798
4086,39.38,0.798
4087,39.38,0.798
4088,39.38,0.798
4089,39.38,0.798
4090,39.38,0.798
4091,39.38,0.798
4092,39.38,0.798
4093,39.38,0.798
4094,39.38,0.798
4095,39.38,0.798
4096,39.38,0.798
4097,39.38,0.798
4098,39.38,0.798
4099,39.38,0.798
4100,39.38,0.798
4101,39.38,0.798
4102,39.38,0.798
4103,39.38,0.798
4104,39.38,0.798
4105,39.38,0.798
4106,39.38,0.798
4107,39.38,0.798
4108,39.38,0.798
4109,39.38,0.798
4110,39.38,0.798
4111,39.38,0.798
4112,39.38,0.798
4113,39.38,0.798
4114,39.38,0.798
4115,39.38,0.798
4116,39.38,0.798
4117,39.38,0.798
4118,39.38,0.798
4119,39.38,0.798
4120,39.38,0.798
4121,39.38,0.798
4122,39.38,0.798
4123,39.38,0.798
4124,39.38,0.798
4125,39.38,0.798
4126,39.38,0.798
4127,39.38,0.798
4128,39.38,0.798
4129,39.38,0.798
4130,39.38,0.798
4131,39.38,0.798
4132,39.38,0.798
4133,39.38,0.798
4134,39.38,0.798
4135,39.38,0.798
4136,39.38,0.798
4137,39.38,0.798
4138,39.38,0.798
4139,39.38,0.798
4140,39.38,0.798
4141,39.38,0.798
4142,39.38,0.798
4143,39.38,0.798
4144,39.38,0.798
4145,39.38,0.798
4146,39.38,0.798
4147,39.38,0.798
4148,39.38,0.798
4149,39.38,0.798
4150,39.38,0.798
4151,39.38,0.798
4152,39.38,0.798
4153,39.38,0.798
4154,39.38,0.798
4155,39.38,0.798
4156,39.38,0.798
4157,39.38,0.798
4158,39.38,0.798
4159,39.38,0.798
4160,39.38,0.798
4161,39.38,0.798
4162,39.38,0.798
4163,39.38,0.798
4164,39.38,0.798
4165,39.38,0.798
4166,39.38,0.798
4167,39.38,0.798
4168,39.38,0.798
4169,39.38,0.798
4170,39.38,0.798
4171,39.38,0.798
4172,39.38,0.798
4173,39.38,0.798
4174,39.38,0.798
4175,39.38,0.798
4176,39.38,0.798
4177,39.38,0.798
4178,39.38,0.798
4179,39.38,0.798
4180,39.38,0.798
4181,39.38,0.798
4182,39.38,0.798
4183,39.38,0.798
4184,39.38,0.798
4185,39.38,0.798
4186,39.38,0.798
4187,39.38,0.798
4188,39.38,0.798
4189,39.38,0.798
4190,39.38,0.798
4191,39.38,0.798
4192,39.38,0.798
4193,39.38,0.798
4194,39.38,0.798
4195,39.38,0.798
4196,39.38,0.798
4197,39.38,0.798
4198,39.38,0.798
4199,39.38,0.798
4200,39.38,0.798
4201,39.38,0.798
4202,39.38,0.798
4203,39.38,0.798
4204,39.38,0.798
4205,39.38,0.798
4206,39.38,0.798
4207,39.38,0.798
4208,39.38,0.798
4209,39.38,0.798
4210,39.38,0.798
4211,39.38,0.798
4212,39.38,0.798
4213,39.38,0.798
4214,39.38,0.798
4215,39.38,0.798
4216,39.38,0.798
4217,39.38,0.798
4218,39.38,0.798
4219,39.38,0.798
4220,39.38,0.798
4221,39.38,0.798
4222,39.38,0.798
4223,39.38,0.798
4224,39.38,0.798
4225,39.38,0.798
4226,39.38,0.798
4227,39.38,0.798
4228,39.38,0.798
4229,39.38,0.798
4230,39.38,0.798
4231,39.38,0.798
4232,39.38,0.798
4233,39.38,0.798
4234,39.38,0.798
4235,39.38,0.798
4236,39.38,0.798
4237,39.38,0.798
4238,39.38,0.798
4239,39.38,0.798
4240,39.38,0.798
4241,39.38,0.798
4242,39.38,0.798
4243,39.38,0.798
4244,39.38,0.798
4245,39.38,0.798
4246,39.38,0.798
4247,39.38,0.798
4248,39.38,0.798
4249,39.38,0.798
4250,39.38,0.798
4251,39.38,0.798
4252,39.38,0.798
4253,39.38,0.798
4254,39.38,0.798
4255,39.38,0.798
4256,39.38,0.798
4257,39.38,0.798
4258,39.38,0.798
4259,39.38,0.798
4260,39.38,0.798
4261,39.38,0.798
4262,39.38,0.798
4263,39.38,0.798
4264,39.38,0.798
4265,39.38,0.798
4266,39.38,0.798
4267,39.38,0.798
4268,39.38,0.798
4269,39.38,0.798
4270,39.38,0.798
4271,39.38,0.798
4272,39.38,0.798
4273,39.38,0.798
4274,39.38,0.798
4275,39.38,0.798
4276,39.38,0.798
4277,39.38,0.798
4278,39.38,0.798
4279,39.38,0.798
4280,39.38,0.798
4281,39.38,0.798
4282,39.38,0.798
4283,39.38,0.798
4284,39.38,0.798
4285,39.38,0.798
4286,39.38,0.798
4287,39.38,0.798
4288,39.38,0.798
4289,39.38,0.798
4290,39.38,0.798
4291,39.38,0.798
4292,39.38,0.798
4293,39.38,0.798
4294,39.38,0.798
4295,39.38,0.798
4296,39.38,0.798
4297,39.38,0.798
4298,39.38,0.798
4299,39.38,0.798
4300,39.38,0.798
4301,39.38,0.798
4302,39.38,0.798
4303,39.38,0.798
4304,39.38,0.798
4305,39.38,0.798
4306,39.38,0.798
4307,39.38,0.798
4308,39.38,0.798
4309,39.38,0.798
4310,39.38,0.798
4311,39.38,0.798
4312,39.38,0.798
4313,39.38,0.798
4314,39.38,0.798
4315,39.38,0.798
4316,39.38,0.798
4317,39.38,0.798
4318,39.38,0.798
4319,39.38,0.798
4320,39.38,0.798
4321,39.38,0.798
4322,39.38,0.798
4323,39.38,0.798
4324,39.38,0.798
4325,39.38,0.798
4326,39.38,0.798
4327,39.38,0.798
4328,39.38,0.798
4329,39.38,0.798
4330,39.38,0.798
4331,39.38,0.798
4332,39.38,0.798
4333,39.38,0.798
4334,39.38,0.798
4335,39.38,0.798
4336,39.38,0.798
4337,39.38,0.798
4338,39.38,0.798
4339,39.38,0.798
4340,39.38,0.798
4341,39.38,0.798
4342,39.38,0.798
4343,39.38,0.798
4344,39.38,0.798
4345,39.38,0.798
4346,39.38,0.798
4347,39.38,0.798
4348,39.38,0.798
4349,39.38,0.798
4350,39.38,0.798
4351,39.38,0.798
4352,39.38,0.798
4353,39.38,0.798
4354,39.38,0.798
4355,39.38,0.798
4356,39.38,0.798
4357,39.38,0.798
4358,39.38,0.798
4359,39.38,0.798
4360,39.38,0.798
4361,39.38,0.798
4362,39.38,0.798
4363,39.38,0.798
4364,39.38,0.798
4365,39.38,0.798
4366,39.38,0.798
4367,39.38,0.798
4368,39.38,0.798
4369,39.38,0.798
4370,39.38,0.798
4371,39.38,0.798
4372,39.38,0.798
4373,39.38,0.798
4374,39.38,0.798
4375,39.38,0.798
4376,39.38,0.798
4377,39.38,0.798
4378,39.38,0.798
4379,39.38,0.798
4380,39.38,0.798
4381,39.38,0.798
4382,39.38,0.798
4383,39.38,0.798
4384,39.38,0.798
4385,39.38,0.798
4386,39.38,0.798
4387,39.38,0.798
4388,39.38,0.798
4389,39.38,0.798
4390,39.38,0.798
4391,39.38,0.798
4392,39.38,0.798
4393,39.38,0.798
4394,39.38,0.798
4395,39.38,0.798
4396,39.38,0.798
4397,39.38,0.798
4398,39.38,0.798
4399,39.38,0.798
4400,39.38,0.798
4401,39.38,0.798
4402,39.38,0.798
4403,39.38,0.798
4404,39.38,0.798
4405,39.38,0.798
4406,39.38,0.798
4407,39.38,0.798
4408,39.38,0.798
4409,39.38,0.798
4410,39.38,0.798
4411,39.38,0.798
4412,39.38,0.798
4413,39.38,0.798
4414,39.38,0.798
4415,39.38,0.798
4416,39.38,0.798
4417,39.38,0.798
4418,39.38,0.798
4419,39.38,0.798
4420,39.38,0.798
4421,39.38,0.798
4422,39.38,0.798
4423,39.38,0.798
4424,39.38,0.798
4425,39.38,0.798
4426,39.38,0.798
4427,39.38,0.798
4428,39.38,0.798
4429,39.38,0.798
4430,39.38,0.798
4431,39.38,0.798
4432,39.38,0.798
4433,39.38,0.798
4434,39.38,0.798
4435,39.38,0.798
4436,39.38,0.798
4437,39.38,0.798
4438,39.38,0.798
4439,39.38,0.798
4440,39.38,0.798
4441,39.38,0.798
4442,39.38,0.798
4443,39.38,0.798
4444,39.38,0.798
4445,39.38,0.798
4446,39.38,0.798
4447,39.38,0.798
4448,39.38,0.798
4449,39.38,0.798
4450,39.38,0.798
4451,39.38,0.798
4452,39.38,0.798
4453,39.38,0.798
4454,39.38,0.798
4455,39.38,0.798
4456,39.38,0.798
4457,39.38,0.798
4458,39.38,0.798
4459,39.38,0.798
4460,39.38,0.798
4461,39.38,0.798
4462,39.38,0.798
4463,39.38,0.798
4464,39.38,0.798
4465,39.38,0.798
4466,39.38,0.798
4467,39.38,0.798
4468,39.38,0.798
4469,39.38,0.798
4470,39.38,0.798
4471,39.38,0.798
4472,39.38,0.798
4473,39.38,0.798
4474,39.38,0.798
4475,39.38,0.798
4476,39.38,0.798
4477,39.38,0.798
4478,39.38,0.798
4479,39.38,0.798
4480,39.38,0.798
4481,39.38,0.798
4482,39.38,0.798
4483,39.38,0.798
4484,39.38,0.798
4485,39.38,0.798
4486,39.38,0.798
4487,39.38,0.798
4488,39.38,0.798
4489,39.38,0.798
4490,39.38,0.798
4491,39.38,0.798
4492,39.38,0.798
4493,39.38,0.798
4494,39.38,0.798
4495,39.38,0.798
4496,39.38,0.798
4497,39.38,0.798
4498,39.38,0.798
4499,39.38,0.798
4500,39.38,0.798
4501,39.38,0.798
4502,39.38,0.798
4503,39.38,0.798
4504,39.38,0.798
4505,39.38,0.798
4506,39.38,0.798
4507,39.38,0.798
4508,39.38,0.798
4509,39.38,0.798
4510,39.38,0.798
4511,39.38,0.798
4512,39.38,0.798
4513,39.38,0.798
4514,39.38,0.798
4515,39.38,0.798
4516,39.38,0.798
4517,39.38,0.798
4518,39.38,0.798
4519,39.38,0.798
4520,39.38,0.798
4521,39.38,0.798
4522,39.38,0.798
4523,39.38,0.798
4524,39.38,0.798
4525,39.38,0.798
4526,39.38,0.798
4527,39.38,0.798
4528,39.38,0.798
4529,39.38,0.798
4530,39.38,0.798
4531,39.38,0.798
4532,39.38,0.798
4533,39.38,0.798
4534,39.38,0.798
4535,39.38,0.798
4536,39.38,0.798
4537,39.38,0.798
